idcomp	hrpc	hlam	status	status_error
chr6:29700044:A:AT	0|1	0|1	MATCH	MATCH
chr6:29700194:A:G	0|1	0|1	MATCH	MATCH
chr6:29700221:C:G	0|1	0|1	MATCH	MATCH
chr6:29700414:T:G	0|1	0|1	MATCH	MATCH
chr6:29700444:C:T	0|1	0|1	MATCH	MATCH
chr6:29701136:T:C	0|1	0|1	MATCH	MATCH
chr6:29701411:T:C	0|1	0|1	MATCH	MATCH
chr6:29701437:G:A	0|1	0|1	MATCH	MATCH
chr6:29701529:A:G	0|1	0|1	MATCH	MATCH
chr6:29701530:C:T	0|1	0|1	MATCH	MATCH
chr6:29701540:T:C	0|1	0|1	MATCH	MATCH
chr6:29701633:C:G	0|1	0|1	MATCH	MATCH
chr6:29701666:C:T	0|1	0|1	MATCH	MATCH
chr6:29701705:C:T	0|1	0|1	MATCH	MATCH
chr6:29701863:C:A	0|1	0|1	MATCH	MATCH
chr6:29702290:C:G	0|1	0|1	MATCH	MATCH
chr6:29702423:T:C	0|1	0|1	MATCH	MATCH
chr6:29702621:A:G	0|1	0|1	MATCH	MATCH
chr6:29702759:G:A	0|1	0|1	MATCH	MATCH
chr6:29702784:A:T	0|1	0|1	MATCH	MATCH
chr6:29703250:A:G	0|1	0|1	MATCH	MATCH
chr6:29703253:T:C	0|1	0|1	MATCH	MATCH
chr6:29703339:G:C	0|1	0|1	MATCH	MATCH
chr6:29703384:C:T	0|1	0|1	MATCH	MATCH
chr6:29703579:C:T	0|1	0|1	MATCH	MATCH
chr6:29704214:C:T	0|1	0|1	MATCH	MATCH
chr6:29704388:G:C	0|1	0|1	MATCH	MATCH
chr6:29704583:C:G	0|1	0|1	MATCH	MATCH
chr6:29704661:A:AG	0|1	0|1	MATCH	MATCH
chr6:29704662:T:C	0|1	0|1	MATCH	MATCH
chr6:29704664:T:G	0|1	0|1	MATCH	MATCH
chr6:29704752:T:C	0|1	0|1	MATCH	MATCH
chr6:29705272:C:T	0|1	0|1	MATCH	MATCH
chr6:29707312:G:T	1|0	1|0	MATCH	MATCH
chr6:29708465:C:T	0|1	0|1	MATCH	MATCH
chr6:29708566:C:T	0|1	0|1	MATCH	MATCH
chr6:29709131:C:T	0|1	0|1	MATCH	MATCH
chr6:29710011:G:A	1|0	1|0	MATCH	MATCH
chr6:29710058:A:G	0|1	0|1	MATCH	MATCH
chr6:29711825:T:C	0|1	0|1	MATCH	MATCH
chr6:29712880:G:C	1|0	1|0	MATCH	MATCH
chr6:29713522:A:T	0|1	0|1	MATCH	MATCH
chr6:29713923:T:C	0|1	0|1	MATCH	MATCH
chr6:29716524:T:C	0|1	0|1	MATCH	MATCH
chr6:29717041:G:C	0|1	0|1	MATCH	MATCH
chr6:29717217:T:C	0|1	0|1	MATCH	MATCH
chr6:29717248:C:T	0|1	0|1	MATCH	MATCH
chr6:29717249:A:G	0|1	0|1	MATCH	MATCH
chr6:29717328:G:T	0|1	0|1	MATCH	MATCH
chr6:29717378:G:C	0|1	0|1	MATCH	MATCH
chr6:29717673:C:A	0|1	0|1	MATCH	MATCH
chr6:29720322:T:A	0|1	0|1	MATCH	MATCH
chr6:29720403:A:G	0|1	0|1	MATCH	MATCH
chr6:29721037:G:C	0|1	0|1	MATCH	MATCH
chr6:29721092:G:A	0|1	0|1	MATCH	MATCH
chr6:29721107:G:A	0|1	0|1	MATCH	MATCH
chr6:29721123:G:C	0|1	0|1	MATCH	MATCH
chr6:29721196:G:A	0|1	0|1	MATCH	MATCH
chr6:29721350:G:T	0|1	0|1	MATCH	MATCH
chr6:29721425:A:T	0|1	0|1	MATCH	MATCH
chr6:29721472:C:G	0|1	0|1	MATCH	MATCH
chr6:29721755:T:G	0|1	0|1	MATCH	MATCH
chr6:29721813:T:G	0|1	0|1	MATCH	MATCH
chr6:29721906:A:AG	0|1	0|1	MATCH	MATCH
chr6:29721940:G:T	0|1	0|1	MATCH	MATCH
chr6:29722196:C:T	0|1	0|1	MATCH	MATCH
chr6:29722225:G:T	0|1	0|1	MATCH	MATCH
chr6:29722249:T:C	0|1	0|1	MATCH	MATCH
chr6:29722348:G:A	0|1	0|1	MATCH	MATCH
chr6:29722917:C:G	1|0	1|0	MATCH	MATCH
chr6:29722964:G:A	0|1	0|1	MATCH	MATCH
chr6:29723061:G:A	0|1	0|1	MATCH	MATCH
chr6:29723242:G:A	1|0	1|0	MATCH	MATCH
chr6:29723313:T:A	1|0	1|0	MATCH	MATCH
chr6:29723320:A:T	0|1	0|1	MATCH	MATCH
chr6:29723363:C:G	0|1	0|1	MATCH	MATCH
chr6:29723526:G:A	0|1	0|1	MATCH	MATCH
chr6:29723936:A:C	0|1	0|1	MATCH	MATCH
chr6:29723967:C:G	0|1	0|1	MATCH	MATCH
chr6:29723995:T:C	1|0	1|0	MATCH	MATCH
chr6:29724080:C:G	1|0	1|0	MATCH	MATCH
chr6:29724557:A:G	0|1	0|1	MATCH	MATCH
chr6:29724652:AAATTTCTGAGGG:A	0|1	0|1	MATCH	MATCH
chr6:29724952:T:G	0|1	0|1	MATCH	MATCH
chr6:29725336:C:T	0|1	0|1	MATCH	MATCH
chr6:29725671:C:T	0|1	0|1	MATCH	MATCH
chr6:29725722:A:G	0|1	0|1	MATCH	MATCH
chr6:29726161:G:A	1|0	1|0	MATCH	MATCH
chr6:29726793:A:G	0|1	0|1	MATCH	MATCH
chr6:29726903:A:C	0|1	0|1	MATCH	MATCH
chr6:29726904:A:T	0|1	0|1	MATCH	MATCH
chr6:29727528:T:G	1|0	1|0	MATCH	MATCH
chr6:29727689:T:A	1|0	1|0	MATCH	MATCH
chr6:29727823:T:G	0|1	0|1	MATCH	MATCH
chr6:29727992:T:C	0|1	0|1	MATCH	MATCH
chr6:29728077:G:A	1|0	1|0	MATCH	MATCH
chr6:29728199:TA:T	0|1	0|1	MATCH	MATCH
chr6:29728340:T:C	0|1	0|1	MATCH	MATCH
chr6:29728341:G:T	0|1	0|1	MATCH	MATCH
chr6:29728468:T:C	0|1	0|1	MATCH	MATCH
chr6:29728877:T:C	0|1	0|1	MATCH	MATCH
chr6:29729072:A:C	0|1	0|1	MATCH	MATCH
chr6:29729740:A:G	1|0	1|0	MATCH	MATCH
chr6:29730121:G:A	0|1	0|1	MATCH	MATCH
chr6:29730254:G:C	1|0	1|0	MATCH	MATCH
chr6:29730273:A:G	1|0	1|0	MATCH	MATCH
chr6:29734429:C:G	1|0	1|0	MATCH	MATCH
chr6:29737517:A:G	0|1	0|1	MATCH	MATCH
chr6:29738273:G:A	1|0	1|0	MATCH	MATCH
chr6:29742063:T:C	1|0	1|0	MATCH	MATCH
chr6:29743585:C:T	1|0	1|0	MATCH	MATCH
chr6:29743970:G:A	1|0	1|0	MATCH	MATCH
chr6:29744982:T:A	1|0	1|0	MATCH	MATCH
chr6:29753780:C:T	0|1	0|1	MATCH	MATCH
chr6:29754307:A:T	1|0	1|0	MATCH	MATCH
chr6:29756013:C:T	0|1	0|1	MATCH	MATCH
chr6:29758580:G:T	0|1	0|1	MATCH	MATCH
chr6:29764653:G:A	1|0	1|0	MATCH	MATCH
chr6:29765317:A:G	0|1	0|1	MATCH	MATCH
chr6:29765405:G:A	0|1	0|1	MATCH	MATCH
chr6:29765446:G:A	1|0	1|0	MATCH	MATCH
chr6:29765511:A:C	1|0	1|0	MATCH	MATCH
chr6:29765613:C:T	0|1	0|1	MATCH	MATCH
chr6:29765643:T:C	1|0	1|0	MATCH	MATCH
chr6:29765760:G:C	1|0	1|0	MATCH	MATCH
chr6:29766030:C:A	1|0	1|0	MATCH	MATCH
chr6:29766061:T:A	0|1	0|1	MATCH	MATCH
chr6:29766229:A:C	1|0	1|0	MATCH	MATCH
chr6:29766300:T:C	0|1	0|1	MATCH	MATCH
chr6:29766321:G:A	0|1	0|1	MATCH	MATCH
chr6:29766396:G:C	0|1	0|1	MATCH	MATCH
chr6:29766407:A:G	1|0	1|0	MATCH	MATCH
chr6:29766700:A:G	0|1	0|1	MATCH	MATCH
chr6:29766772:C:T	0|1	0|1	MATCH	MATCH
chr6:29766919:A:G	1|0	1|0	MATCH	MATCH
chr6:29766950:A:G	0|1	0|1	MATCH	MATCH
chr6:29767327:A:G	1|0	1|0	MATCH	MATCH
chr6:29767357:G:A	1|0	1|0	MATCH	MATCH
chr6:29767448:T:C	1|0	1|0	MATCH	MATCH
chr6:29767512:T:C	1|0	1|0	MATCH	MATCH
chr6:29767614:T:C	1|0	1|0	MATCH	MATCH
chr6:29767678:C:A	1|0	1|0	MATCH	MATCH
chr6:29767692:G:A	1|0	1|0	MATCH	MATCH
chr6:29767715:T:C	1|0	1|0	MATCH	MATCH
chr6:29767716:G:A	1|0	1|0	MATCH	MATCH
chr6:29767882:G:A	1|0	1|0	MATCH	MATCH
chr6:29767944:C:T	0|1	0|1	MATCH	MATCH
chr6:29768002:T:C	1|0	1|0	MATCH	MATCH
chr6:29768375:A:G	1|0	1|0	MATCH	MATCH
chr6:29768386:A:G	0|1	0|1	MATCH	MATCH
chr6:29768392:GC:G	0|1	0|1	MATCH	MATCH
chr6:29768452:C:A	1|0	1|0	MATCH	MATCH
chr6:29768914:T:C	1|0	1|0	MATCH	MATCH
chr6:29769015:C:T	1|0	1|0	MATCH	MATCH
chr6:29769218:T:C	1|0	1|0	MATCH	MATCH
chr6:29769245:C:T	1|0	1|0	MATCH	MATCH
chr6:29769382:G:C	1|0	1|0	MATCH	MATCH
chr6:29769445:A:C	1|0	1|0	MATCH	MATCH
chr6:29769704:C:T	1|0	1|0	MATCH	MATCH
chr6:29769786:A:G	1|0	1|0	MATCH	MATCH
chr6:29769818:A:G	1|0	1|0	MATCH	MATCH
chr6:29769883:AG:A	1|0	1|0	MATCH	MATCH
chr6:29770236:C:T	0|1	0|1	MATCH	MATCH
chr6:29770245:T:A	0|1	0|1	MATCH	MATCH
chr6:29770510:A:G	1|0	1|0	MATCH	MATCH
chr6:29770521:G:T	1|0	1|0	MATCH	MATCH
chr6:29770623:A:G	0|1	0|1	MATCH	MATCH
chr6:29770863:C:A	0|1	0|1	MATCH	MATCH
chr6:29770864:A:G	0|1	0|1	MATCH	MATCH
chr6:29770888:C:G	1|0	1|0	MATCH	MATCH
chr6:29771119:T:C	0|1	0|1	MATCH	MATCH
chr6:29771206:C:A	0|1	0|1	MATCH	MATCH
chr6:29771280:C:T	1|0	1|0	MATCH	MATCH
chr6:29771495:T:C	1|0	1|0	MATCH	MATCH
chr6:29771545:A:C	1|0	1|0	MATCH	MATCH
chr6:29771657:A:C	1|0	1|0	MATCH	MATCH
chr6:29771862:T:C	1|0	1|0	MATCH	MATCH
chr6:29772129:T:G	1|0	1|0	MATCH	MATCH
chr6:29772364:C:T	0|1	0|1	MATCH	MATCH
chr6:29772832:C:G	0|1	0|1	MATCH	MATCH
chr6:29773672:A:G	0|1	0|1	MATCH	MATCH
chr6:29773674:G:A	0|1	0|1	MATCH	MATCH
chr6:29773694:G:A	0|1	0|1	MATCH	MATCH
chr6:29773740:A:C	0|1	0|1	MATCH	MATCH
chr6:29773765:T:C	0|1	0|1	MATCH	MATCH
chr6:29773778:A:G	0|1	0|1	MATCH	MATCH
chr6:29773978:A:G	0|1	0|1	MATCH	MATCH
chr6:29774098:C:T	0|1	0|1	MATCH	MATCH
chr6:29774405:G:T	0|1	0|1	MATCH	MATCH
chr6:29774459:G:A	0|1	0|1	MATCH	MATCH
chr6:29774700:A:G	0|1	0|1	MATCH	MATCH
chr6:29774716:T:C	0|1	0|1	MATCH	MATCH
chr6:29774738:C:T	0|1	0|1	MATCH	MATCH
chr6:29775044:T:C	0|1	0|1	MATCH	MATCH
chr6:29775069:G:A	1|0	1|0	MATCH	MATCH
chr6:29775540:C:T	0|1	0|1	MATCH	MATCH
chr6:29775740:A:G	1|0	1|0	MATCH	MATCH
chr6:29775831:G:T	0|1	0|1	MATCH	MATCH
chr6:29776011:T:C	1|0	1|0	MATCH	MATCH
chr6:29776352:A:G	0|1	0|1	MATCH	MATCH
chr6:29776365:C:A	0|1	0|1	MATCH	MATCH
chr6:29776634:A:T	1|0	1|0	MATCH	MATCH
chr6:29776642:T:C	1|0	1|0	MATCH	MATCH
chr6:29776832:T:C	1|0	1|0	MATCH	MATCH
chr6:29776833:G:C	1|0	1|0	MATCH	MATCH
chr6:29777008:T:C	0|1	0|1	MATCH	MATCH
chr6:29777056:C:T	1|0	1|0	MATCH	MATCH
chr6:29777057:G:A	0|1	0|1	MATCH	MATCH
chr6:29777173:A:G	0|1	0|1	MATCH	MATCH
chr6:29777348:T:G	0|1	0|1	MATCH	MATCH
chr6:29777350:C:T	0|1	0|1	MATCH	MATCH
chr6:29777362:G:A	0|1	0|1	MATCH	MATCH
chr6:29777506:C:G	0|1	0|1	MATCH	MATCH
chr6:29777595:C:G	0|1	0|1	MATCH	MATCH
chr6:29777662:A:G	0|1	0|1	MATCH	MATCH
chr6:29777780:G:A	0|1	0|1	MATCH	MATCH
chr6:29777792:T:C	0|1	0|1	MATCH	MATCH
chr6:29777949:G:A	1|0	1|0	MATCH	MATCH
chr6:29777974:G:A	0|1	0|1	MATCH	MATCH
chr6:29777995:A:C	0|1	0|1	MATCH	MATCH
chr6:29778017:T:C	1|0	1|0	MATCH	MATCH
chr6:29778107:G:A	1|0	1|0	MATCH	MATCH
chr6:29778194:T:C	0|1	0|1	MATCH	MATCH
chr6:29778201:G:A	0|1	0|1	MATCH	MATCH
chr6:29778320:T:A	0|1	0|1	MATCH	MATCH
chr6:29778340:T:C	0|1	0|1	MATCH	MATCH
chr6:29778376:AGCTG:A	0|1	0|1	MATCH	MATCH
chr6:29778421:T:A	0|1	0|1	MATCH	MATCH
chr6:29778528:T:G	1|0	1|0	MATCH	MATCH
chr6:29778535:C:T	0|1	0|1	MATCH	MATCH
chr6:29778590:T:G	1|0	1|0	MATCH	MATCH
chr6:29778597:G:A	0|1	0|1	MATCH	MATCH
chr6:29778653:G:A	0|1	0|1	MATCH	MATCH
chr6:29778856:G:T	0|1	0|1	MATCH	MATCH
chr6:29779005:A:G	0|1	0|1	MATCH	MATCH
chr6:29779017:T:C	1|0	1|0	MATCH	MATCH
chr6:29779026:A:T	1|0	1|0	MATCH	MATCH
chr6:29779101:T:C	0|1	0|1	MATCH	MATCH
chr6:29779117:G:C	0|1	0|1	MATCH	MATCH
chr6:29779122:C:T	0|1	0|1	MATCH	MATCH
chr6:29779131:T:A	0|1	0|1	MATCH	MATCH
chr6:29779241:A:G	0|1	0|1	MATCH	MATCH
chr6:29779297:T:G	0|1	0|1	MATCH	MATCH
chr6:29779319:T:C	0|1	0|1	MATCH	MATCH
chr6:29779357:C:T	1|0	1|0	MATCH	MATCH
chr6:29779380:A:C	0|1	0|1	MATCH	MATCH
chr6:29779414:C:T	0|1	0|1	MATCH	MATCH
chr6:29779596:A:G	1|0	1|0	MATCH	MATCH
chr6:29779810:C:T	1|0	1|0	MATCH	MATCH
chr6:29779908:G:T	1|0	1|0	MATCH	MATCH
chr6:29779913:G:T	1|0	1|0	MATCH	MATCH
chr6:29779932:T:C	0|1	0|1	MATCH	MATCH
chr6:29779933:G:A	0|1	0|1	MATCH	MATCH
chr6:29779958:G:A	0|1	0|1	MATCH	MATCH
chr6:29780014:G:C	0|1	0|1	MATCH	MATCH
chr6:29780096:A:G	1|0	1|0	MATCH	MATCH
chr6:29780156:C:T	0|1	0|1	MATCH	MATCH
chr6:29780324:G:A	0|1	0|1	MATCH	MATCH
chr6:29780362:G:A	1|0	1|0	MATCH	MATCH
chr6:29780429:T:C	1|0	1|0	MATCH	MATCH
chr6:29780463:C:T	0|1	0|1	MATCH	MATCH
chr6:29780487:G:A	0|1	0|1	MATCH	MATCH
chr6:29780527:G:A	0|1	0|1	MATCH	MATCH
chr6:29780547:C:CA	0|1	0|1	MATCH	MATCH
chr6:29780596:A:G	0|1	0|1	MATCH	MATCH
chr6:29780617:G:A	1|0	1|0	MATCH	MATCH
chr6:29780640:G:A	0|1	0|1	MATCH	MATCH
chr6:29780646:T:G	0|1	0|1	MATCH	MATCH
chr6:29780746:C:T	1|0	1|0	MATCH	MATCH
chr6:29780864:C:T	1|0	1|0	MATCH	MATCH
chr6:29781035:C:T	0|1	0|1	MATCH	MATCH
chr6:29781060:C:A	1|0	1|0	MATCH	MATCH
chr6:29781066:G:A	0|1	0|1	MATCH	MATCH
chr6:29781085:G:A	0|1	0|1	MATCH	MATCH
chr6:29781554:G:A	1|0	1|0	MATCH	MATCH
chr6:29781900:A:G	0|1	0|1	MATCH	MATCH
chr6:29782213:T:G	1|0	1|0	MATCH	MATCH
chr6:29782410:A:T	1|0	1|0	MATCH	MATCH
chr6:29782444:A:G	1|0	1|0	MATCH	MATCH
chr6:29782661:T:A	1|0	1|0	MATCH	MATCH
chr6:29782700:C:T	1|0	1|0	MATCH	MATCH
chr6:29783000:G:A	1|0	1|0	MATCH	MATCH
chr6:29783120:T:C	0|1	0|1	MATCH	MATCH
chr6:29783192:G:T	0|1	0|1	MATCH	MATCH
chr6:29783244:ATAAT:A	0|1	0|1	MATCH	MATCH
chr6:29783267:A:G	1|0	1|0	MATCH	MATCH
chr6:29783319:G:C	0|1	0|1	MATCH	MATCH
chr6:29783705:A:C	0|1	0|1	MATCH	MATCH
chr6:29783732:G:T	0|1	0|1	MATCH	MATCH
chr6:29783763:A:G	0|1	0|1	MATCH	MATCH
chr6:29783769:A:T	0|1	0|1	MATCH	MATCH
chr6:29783936:A:T	0|1	0|1	MATCH	MATCH
chr6:29784000:T:A	1|0	1|0	MATCH	MATCH
chr6:29784282:G:T	1|0	1|0	MATCH	MATCH
chr6:29784444:A:G	1|0	1|0	MATCH	MATCH
chr6:29784469:G:A	0|1	0|1	MATCH	MATCH
chr6:29784501:C:T	1|0	1|0	MATCH	MATCH
chr6:29784663:G:A	0|1	0|1	MATCH	MATCH
chr6:29784724:T:G	0|1	0|1	MATCH	MATCH
chr6:29784730:G:A	0|1	0|1	MATCH	MATCH
chr6:29784741:C:A	0|1	0|1	MATCH	MATCH
chr6:29784754:G:C	0|1	0|1	MATCH	MATCH
chr6:29784786:C:T	0|1	0|1	MATCH	MATCH
chr6:29784787:A:G	0|1	0|1	MATCH	MATCH
chr6:29784820:C:A	0|1	0|1	MATCH	MATCH
chr6:29784821:A:G	0|1	0|1	MATCH	MATCH
chr6:29784894:T:G	1|0	1|0	MATCH	MATCH
chr6:29784926:G:T	1|0	1|0	MATCH	MATCH
chr6:29785064:G:A	0|1	0|1	MATCH	MATCH
chr6:29785465:T:C	1|0	1|0	MATCH	MATCH
chr6:29785466:G:A	1|0	1|0	MATCH	MATCH
chr6:29785543:A:G	0|1	0|1	MATCH	MATCH
chr6:29785593:C:T	1|0	1|0	MATCH	MATCH
chr6:29785594:G:A	0|1	0|1	MATCH	MATCH
chr6:29785826:T:TA	0|1	0|1	MATCH	MATCH
chr6:29785827:T:A	0|1	0|1	MATCH	MATCH
chr6:29785860:A:C	0|1	0|1	MATCH	MATCH
chr6:29785893:T:C	0|1	0|1	MATCH	MATCH
chr6:29785931:A:T	0|1	0|1	MATCH	MATCH
chr6:29785952:T:A	1|0	1|0	MATCH	MATCH
chr6:29786034:A:G	0|1	0|1	MATCH	MATCH
chr6:29786091:C:A	1|0	1|0	MATCH	MATCH
chr6:29786239:C:T	1|0	1|0	MATCH	MATCH
chr6:29786345:T:G	0|1	0|1	MATCH	MATCH
chr6:29786450:T:A	0|1	0|1	MATCH	MATCH
chr6:29786538:A:G	0|1	0|1	MATCH	MATCH
chr6:29786583:A:AG	0|1	0|1	MATCH	MATCH
chr6:29786835:T:A	0|1	0|1	MATCH	MATCH
chr6:29786941:G:T	0|1	0|1	MATCH	MATCH
chr6:29786982:C:G	0|1	0|1	MATCH	MATCH
chr6:29787049:C:T	0|1	0|1	MATCH	MATCH
chr6:29787067:G:A	0|1	0|1	MATCH	MATCH
chr6:29787069:G:A	0|1	0|1	MATCH	MATCH
chr6:29787070:A:G	0|1	0|1	MATCH	MATCH
chr6:29787197:AAAAC:A	0|1	0|1	MATCH	MATCH
chr6:29787279:A:G	0|1	0|1	MATCH	MATCH
chr6:29787350:T:C	0|1	0|1	MATCH	MATCH
chr6:29787355:A:C	0|1	0|1	MATCH	MATCH
chr6:29787435:A:G	0|1	0|1	MATCH	MATCH
chr6:29787461:T:A	0|1	0|1	MATCH	MATCH
chr6:29787495:A:T	0|1	0|1	MATCH	MATCH
chr6:29787532:G:C	0|1	0|1	MATCH	MATCH
chr6:29787585:A:T	0|1	0|1	MATCH	MATCH
chr6:29787682:T:C	0|1	0|1	MATCH	MATCH
chr6:29787693:A:G	0|1	0|1	MATCH	MATCH
chr6:29787813:C:A	0|1	0|1	MATCH	MATCH
chr6:29787870:G:C	0|1	0|1	MATCH	MATCH
chr6:29788024:C:T	0|1	0|1	MATCH	MATCH
chr6:29788096:T:C	0|1	0|1	MATCH	MATCH
chr6:29788099:A:G	0|1	0|1	MATCH	MATCH
chr6:29788110:T:C	0|1	0|1	MATCH	MATCH
chr6:29788241:A:C	0|1	0|1	MATCH	MATCH
chr6:29788267:A:G	0|1	0|1	MATCH	MATCH
chr6:29788427:G:A	0|1	0|1	MATCH	MATCH
chr6:29788445:C:T	0|1	0|1	MATCH	MATCH
chr6:29788493:C:T	0|1	0|1	MATCH	MATCH
chr6:29788524:T:C	1|0	1|0	MATCH	MATCH
chr6:29788551:A:T	0|1	0|1	MATCH	MATCH
chr6:29788681:A:C	0|1	0|1	MATCH	MATCH
chr6:29788721:T:C	0|1	0|1	MATCH	MATCH
chr6:29788763:G:C	0|1	0|1	MATCH	MATCH
chr6:29788843:C:T	0|1	0|1	MATCH	MATCH
chr6:29788895:C:T	1|0	1|0	MATCH	MATCH
chr6:29789023:C:T	0|1	0|1	MATCH	MATCH
chr6:29789067:G:C	0|1	0|1	MATCH	MATCH
chr6:29789130:A:G	0|1	0|1	MATCH	MATCH
chr6:29789227:A:G	0|1	0|1	MATCH	MATCH
chr6:29789408:C:T	0|1	0|1	MATCH	MATCH
chr6:29789429:C:T	0|1	0|1	MATCH	MATCH
chr6:29789482:C:T	0|1	0|1	MATCH	MATCH
chr6:29789515:A:G	0|1	0|1	MATCH	MATCH
chr6:29789634:G:T	1|0	1|0	MATCH	MATCH
chr6:29789652:G:A	0|1	0|1	MATCH	MATCH
chr6:29789773:A:T	0|1	0|1	MATCH	MATCH
chr6:29789776:A:T	0|1	0|1	MATCH	MATCH
chr6:29789976:A:G	0|1	0|1	MATCH	MATCH
chr6:29790030:T:A	0|1	0|1	MATCH	MATCH
chr6:29790073:C:T	0|1	0|1	MATCH	MATCH
chr6:29790145:A:G	0|1	0|1	MATCH	MATCH
chr6:29790794:G:C	0|1	0|1	MATCH	MATCH
chr6:29791119:T:C	0|1	0|1	MATCH	MATCH
chr6:29791183:A:C	0|1	0|1	MATCH	MATCH
chr6:29791233:G:A	0|1	0|1	MATCH	MATCH
chr6:29791289:A:G	1|0	1|0	MATCH	MATCH
chr6:29791301:C:T	1|0	1|0	MATCH	MATCH
chr6:29791533:G:A	1|0	1|0	MATCH	MATCH
chr6:29791637:A:G	0|1	0|1	MATCH	MATCH
chr6:29791668:C:T	1|0	1|0	MATCH	MATCH
chr6:29791740:G:A	1|0	1|0	MATCH	MATCH
chr6:29791843:G:A	1|0	1|0	MATCH	MATCH
chr6:29791856:C:T	1|0	1|0	MATCH	MATCH
chr6:29791902:CAG:C	1|0	1|0	MATCH	MATCH
chr6:29791911:A:G	1|0	1|0	MATCH	MATCH
chr6:29791966:C:T	0|1	0|1	MATCH	MATCH
chr6:29792034:C:G	1|0	1|0	MATCH	MATCH
chr6:29792046:T:C	1|0	1|0	MATCH	MATCH
chr6:29792076:C:T	0|1	0|1	MATCH	MATCH
chr6:29792108:G:A	1|0	1|0	MATCH	MATCH
chr6:29792146:T:C	1|0	1|0	MATCH	MATCH
chr6:29792191:C:T	0|1	0|1	MATCH	MATCH
chr6:29792372:G:T	1|0	1|0	MATCH	MATCH
chr6:29792479:C:A	0|1	0|1	MATCH	MATCH
chr6:29792746:C:T	1|0	1|0	MATCH	MATCH
chr6:29792758:G:A	0|1	0|1	MATCH	MATCH
chr6:29792813:G:A	1|0	1|0	MATCH	MATCH
chr6:29792828:G:T	1|0	1|0	MATCH	MATCH
chr6:29792900:A:G	1|0	1|0	MATCH	MATCH
chr6:29793161:C:T	0|1	0|1	MATCH	MATCH
chr6:29793305:C:CATG	1|0	1|0	MATCH	MATCH
chr6:29793420:C:G	0|1	0|1	MATCH	MATCH
chr6:29793434:G:C	1|0	1|0	MATCH	MATCH
chr6:29793490:G:A	0|1	0|1	MATCH	MATCH
chr6:29793690:A:C	1|0	1|0	MATCH	MATCH
chr6:29793745:C:A	1|0	1|0	MATCH	MATCH
chr6:29793940:T:C	1|0	1|0	MATCH	MATCH
chr6:29794119:A:G	1|0	1|0	MATCH	MATCH
chr6:29794129:G:A	0|1	0|1	MATCH	MATCH
chr6:29794277:C:T	0|1	0|1	MATCH	MATCH
chr6:29794530:T:A	1|0	1|0	MATCH	MATCH
chr6:29794562:TA:T	1|0	1|0	MATCH	MATCH
chr6:29794916:C:T	1|0	1|0	MATCH	MATCH
chr6:29795126:G:A	1|0	1|0	MATCH	MATCH
chr6:29795193:C:T	0|1	0|1	MATCH	MATCH
chr6:29795218:C:T	0|1	0|1	MATCH	MATCH
chr6:29795310:A:T	1|0	1|0	MATCH	MATCH
chr6:29795436:T:C	0|1	0|1	MATCH	MATCH
chr6:29795840:C:T	0|1	0|1	MATCH	MATCH
chr6:29795985:G:A	1|0	1|0	MATCH	MATCH
chr6:29796052:TAA:T	0|1	0|1	MATCH	MATCH
chr6:29796073:G:A	0|1	0|1	MATCH	MATCH
chr6:29796531:C:G	0|1	0|1	MATCH	MATCH
chr6:29796586:C:T	1|0	1|0	MATCH	MATCH
chr6:29796597:A:T	1|0	1|0	MATCH	MATCH
chr6:29796771:A:G	1|0	1|0	MATCH	MATCH
chr6:29796858:A:C	0|1	0|1	MATCH	MATCH
chr6:29796870:G:A	0|1	0|1	MATCH	MATCH
chr6:29796879:G:A	1|0	1|0	MATCH	MATCH
chr6:29796886:T:C	1|0	1|0	MATCH	MATCH
chr6:29796897:G:T	0|1	0|1	MATCH	MATCH
chr6:29797026:G:A	0|1	0|1	MATCH	MATCH
chr6:29797191:A:G	0|1	0|1	MATCH	MATCH
chr6:29797201:C:T	0|1	0|1	MATCH	MATCH
chr6:29797224:G:A	1|0	1|0	MATCH	MATCH
chr6:29797270:A:T	1|0	1|0	MATCH	MATCH
chr6:29797309:CT:C	0|1	0|1	MATCH	MATCH
chr6:29797480:T:A	0|1	0|1	MATCH	MATCH
chr6:29797493:C:T	1|0	1|0	MATCH	MATCH
chr6:29797514:A:G	1|0	1|0	MATCH	MATCH
chr6:29797875:T:C	0|1	0|1	MATCH	MATCH
chr6:29798034:A:T	0|1	0|1	MATCH	MATCH
chr6:29798088:C:T	1|0	1|0	MATCH	MATCH
chr6:29798152:A:G	1|0	1|0	MATCH	MATCH
chr6:29798169:T:C	0|1	0|1	MATCH	MATCH
chr6:29798291:T:C	0|1	0|1	MATCH	MATCH
chr6:29798308:T:C	1|0	1|0	MATCH	MATCH
chr6:29798348:G:A	1|0	1|0	MATCH	MATCH
chr6:29798381:A:G	1|0	1|0	MATCH	MATCH
chr6:29798463:A:G	0|1	0|1	MATCH	MATCH
chr6:29798615:T:C	0|1	0|1	MATCH	MATCH
chr6:29798819:C:A	1|0	1|0	MATCH	MATCH
chr6:29799005:G:T	0|1	0|1	MATCH	MATCH
chr6:29799008:CAGAG:C	1|0	1|0	MATCH	MATCH
chr6:29800164:A:G	1|0	1|0	MATCH	MATCH
chr6:29800272:G:A	1|0	1|0	MATCH	MATCH
chr6:29800346:C:A	1|0	1|0	MATCH	MATCH
chr6:29800379:A:AGTGGCTGAGGCTCC	0|1	0|1	MATCH	MATCH
chr6:29800621:G:A	0|1	0|1	MATCH	MATCH
chr6:29800738:AG:A	1|0	1|0	MATCH	MATCH
chr6:29801066:ATC:A	0|1	0|1	MATCH	MATCH
chr6:29801291:C:A	0|1	0|1	MATCH	MATCH
chr6:29801370:G:C	0|1	0|1	MATCH	MATCH
chr6:29801555:G:A	1|0	1|0	MATCH	MATCH
chr6:29801574:G:T	0|1	0|1	MATCH	MATCH
chr6:29801612:A:G	0|1	0|1	MATCH	MATCH
chr6:29801720:A:C	1|0	1|0	MATCH	MATCH
chr6:29801875:A:G	0|1	0|1	MATCH	MATCH
chr6:29802052:T:C	1|0	1|0	MATCH	MATCH
chr6:29802062:C:T	0|1	0|1	MATCH	MATCH
chr6:29802075:C:T	0|1	0|1	MATCH	MATCH
chr6:29802082:T:C	0|1	0|1	MATCH	MATCH
chr6:29802130:C:T	1|0	1|0	MATCH	MATCH
chr6:29802410:A:C	1|0	1|0	MATCH	MATCH
chr6:29802478:A:G	0|1	0|1	MATCH	MATCH
chr6:29802587:T:C	0|1	0|1	MATCH	MATCH
chr6:29802620:T:G	0|1	0|1	MATCH	MATCH
chr6:29802674:G:A	1|0	1|0	MATCH	MATCH
chr6:29802748:C:T	0|1	0|1	MATCH	MATCH
chr6:29802971:T:C	0|1	0|1	MATCH	MATCH
chr6:29803107:CTGTTTTTGTTT:C	0|1	0|1	MATCH	MATCH
chr6:29803234:G:A	0|1	0|1	MATCH	MATCH
chr6:29803290:G:A	0|1	0|1	MATCH	MATCH
chr6:29803303:G:A	1|0	1|0	MATCH	MATCH
chr6:29803582:C:T	0|1	0|1	MATCH	MATCH
chr6:29803644:G:A	1|0	1|0	MATCH	MATCH
chr6:29803836:G:A	0|1	0|1	MATCH	MATCH
chr6:29803877:A:G	1|0	1|0	MATCH	MATCH
chr6:29803943:C:G	0|1	0|1	MATCH	MATCH
chr6:29804029:C:G	1|0	1|0	MATCH	MATCH
chr6:29804120:T:C	0|1	0|1	MATCH	MATCH
chr6:29804266:T:C	0|1	0|1	MATCH	MATCH
chr6:29804282:A:G	1|0	1|0	MATCH	MATCH
chr6:29804452:A:C	0|1	0|1	MATCH	MATCH
chr6:29804618:G:A	1|0	1|0	MATCH	MATCH
chr6:29804772:C:G	1|0	1|0	MATCH	MATCH
chr6:29804908:T:C	0|1	0|1	MATCH	MATCH
chr6:29805693:C:G	0|1	0|1	MATCH	MATCH
chr6:29805833:C:CCAGTT	0|1	0|1	MATCH	MATCH
chr6:29805943:T:C	1|0	1|0	MATCH	MATCH
chr6:29806177:T:C	1|0	1|0	MATCH	MATCH
chr6:29806326:C:T	0|1	0|1	MATCH	MATCH
chr6:29806387:T:C	0|1	0|1	MATCH	MATCH
chr6:29806410:C:T	0|1	0|1	MATCH	MATCH
chr6:29806729:TTTC:T	1|0	1|0	MATCH	MATCH
chr6:29806843:G:A	1|0	1|0	MATCH	MATCH
chr6:29806850:G:A	1|0	1|0	MATCH	MATCH
chr6:29806932:C:T	1|0	1|0	MATCH	MATCH
chr6:29806984:A:C	1|0	1|0	MATCH	MATCH
chr6:29807042:A:G	0|1	0|1	MATCH	MATCH
chr6:29807176:A:G	0|1	0|1	MATCH	MATCH
chr6:29807182:T:C	1|0	1|0	MATCH	MATCH
chr6:29807212:T:A	1|0	1|0	MATCH	MATCH
chr6:29807386:T:C	1|0	1|0	MATCH	MATCH
chr6:29807569:A:G	1|0	1|0	MATCH	MATCH
chr6:29808188:C:T	1|0	1|0	MATCH	MATCH
chr6:29808310:T:C	1|0	1|0	MATCH	MATCH
chr6:29808375:A:C	1|0	1|0	MATCH	MATCH
chr6:29808462:T:C	1|0	1|0	MATCH	MATCH
chr6:29808488:A:AGTTT	1|0	1|0	MATCH	MATCH
chr6:29808545:G:T	1|0	1|0	MATCH	MATCH
chr6:29808583:A:G	1|0	1|0	MATCH	MATCH
chr6:29808613:A:T	1|0	1|0	MATCH	MATCH
chr6:29808840:T:C	0|1	0|1	MATCH	MATCH
chr6:29808938:A:G	1|0	1|0	MATCH	MATCH
chr6:29809101:G:A	1|0	1|0	MATCH	MATCH
chr6:29809247:C:A	0|1	0|1	MATCH	MATCH
chr6:29809617:A:G	1|0	1|0	MATCH	MATCH
chr6:29809676:C:T	0|1	0|1	MATCH	MATCH
chr6:29809808:C:A	1|0	1|0	MATCH	MATCH
chr6:29809847:AACTC:A	1|0	1|0	MATCH	MATCH
chr6:29810037:A:G	0|1	0|1	MATCH	MATCH
chr6:29810115:G:A	1|0	1|0	MATCH	MATCH
chr6:29810154:A:G	0|1	0|1	MATCH	MATCH
chr6:29810197:A:G	0|1	0|1	MATCH	MATCH
chr6:29810249:C:A	0|1	0|1	MATCH	MATCH
chr6:29810394:T:G	1|0	1|0	MATCH	MATCH
chr6:29810397:T:C	1|0	1|0	MATCH	MATCH
chr6:29810436:C:G	1|0	1|0	MATCH	MATCH
chr6:29810465:C:A	0|1	0|1	MATCH	MATCH
chr6:29810508:G:A	0|1	0|1	MATCH	MATCH
chr6:29810541:A:G	1|0	1|0	MATCH	MATCH
chr6:29810556:T:C	1|0	1|0	MATCH	MATCH
chr6:29810642:T:C	1|0	1|0	MATCH	MATCH
chr6:29810830:T:C	1|0	1|0	MATCH	MATCH
chr6:29810849:C:T	1|0	1|0	MATCH	MATCH
chr6:29811088:C:T	1|0	1|0	MATCH	MATCH
chr6:29811121:T:C	1|0	1|0	MATCH	MATCH
chr6:29811426:G:A	1|0	1|0	MATCH	MATCH
chr6:29812029:C:T	1|0	1|0	MATCH	MATCH
chr6:29812052:A:G	1|0	1|0	MATCH	MATCH
chr6:29812055:G:A	1|0	1|0	MATCH	MATCH
chr6:29812144:C:T	0|1	0|1	MATCH	MATCH
chr6:29812551:C:T	1|0	1|0	MATCH	MATCH
chr6:29812636:C:G	0|1	0|1	MATCH	MATCH
chr6:29812752:C:T	1|0	1|0	MATCH	MATCH
chr6:29812907:G:A	0|1	0|1	MATCH	MATCH
chr6:29812963:G:A	1|0	1|0	MATCH	MATCH
chr6:29813146:C:T	0|1	0|1	MATCH	MATCH
chr6:29813241:C:A	1|0	1|0	MATCH	MATCH
chr6:29813251:A:G	0|1	0|1	MATCH	MATCH
chr6:29813697:A:G	1|0	1|0	MATCH	MATCH
chr6:29813744:G:T	1|0	1|0	MATCH	MATCH
chr6:29813805:G:A	1|0	1|0	MATCH	MATCH
chr6:29813926:T:C	1|0	1|0	MATCH	MATCH
chr6:29814028:C:T	0|1	0|1	MATCH	MATCH
chr6:29814109:C:T	1|0	1|0	MATCH	MATCH
chr6:29814158:A:T	0|1	0|1	MATCH	MATCH
chr6:29814185:C:T	0|1	0|1	MATCH	MATCH
chr6:29814210:A:C	1|0	1|0	MATCH	MATCH
chr6:29814271:C:A	1|0	1|0	MATCH	MATCH
chr6:29814554:G:A	0|1	0|1	MATCH	MATCH
chr6:29814693:C:T	1|0	1|0	MATCH	MATCH
chr6:29814756:G:A	1|0	1|0	MATCH	MATCH
chr6:29814850:A:G	0|1	0|1	MATCH	MATCH
chr6:29814856:T:C	1|0	1|0	MATCH	MATCH
chr6:29815091:T:C	1|0	1|0	MATCH	MATCH
chr6:29815287:G:A	1|0	1|0	MATCH	MATCH
chr6:29815421:C:A,*	2|1	2|1	MATCH	MATCH
chr6:29815752:G:A	1|0	1|0	MATCH	MATCH
chr6:29815883:C:T	1|0	1|0	MATCH	MATCH
chr6:29816915:C:T	0|1	0|1	MATCH	MATCH
chr6:29816944:C:T	0|1	0|1	MATCH	MATCH
chr6:29817372:A:C	1|0	1|0	MATCH	MATCH
chr6:29817863:T:C	0|1	0|1	MATCH	MATCH
chr6:29818228:C:T	1|0	1|0	MATCH	MATCH
chr6:29818426:AC:A	0|1	0|1	MATCH	MATCH
chr6:29818864:T:C	0|1	0|1	MATCH	MATCH
chr6:29818867:A:G	1|0	1|0	MATCH	MATCH
chr6:29819193:C:T	0|1	0|1	MATCH	MATCH
chr6:29819451:C:T	0|1	0|1	MATCH	MATCH
chr6:29819523:G:T	1|0	1|0	MATCH	MATCH
chr6:29820422:T:G	0|1	0|1	MATCH	MATCH
chr6:29820486:C:A	0|1	0|1	MATCH	MATCH
chr6:29820615:A:G	1|0	1|0	MATCH	MATCH
chr6:29820829:C:T	1|0	1|0	MATCH	MATCH
chr6:29821145:T:C	0|1	0|1	MATCH	MATCH
chr6:29821394:T:C	1|0	1|0	MATCH	MATCH
chr6:29822094:T:A	0|1	0|1	MATCH	MATCH
chr6:29822557:A:ATTTC	1|0	1|0	MATCH	MATCH
chr6:29822560:CTA:C	1|0	1|0	MATCH	MATCH
chr6:29823103:A:G	1|0	1|0	MATCH	MATCH
chr6:29823328:T:C	0|1	0|1	MATCH	MATCH
chr6:29823339:C:T	0|1	0|1	MATCH	MATCH
chr6:29823443:C:T	1|0	1|0	MATCH	MATCH
chr6:29823479:C:T	1|0	1|0	MATCH	MATCH
chr6:29823716:G:A	1|0	1|0	MATCH	MATCH
chr6:29823765:A:G	1|0	1|0	MATCH	MATCH
chr6:29823784:A:C	1|0	1|0	MATCH	MATCH
chr6:29823959:C:T	1|0	1|0	MATCH	MATCH
chr6:29824082:AT:A	1|0	1|0	MATCH	MATCH
chr6:29824168:T:C	1|0	1|0	MATCH	MATCH
chr6:29824231:C:T	1|0	1|0	MATCH	MATCH
chr6:29824235:G:A	0|1	0|1	MATCH	MATCH
chr6:29824288:A:C	0|1	0|1	MATCH	MATCH
chr6:29824305:G:A	0|1	0|1	MATCH	MATCH
chr6:29824492:C:T	1|0	1|0	MATCH	MATCH
chr6:29824557:C:T	1|0	1|0	MATCH	MATCH
chr6:29824566:C:T	1|0	1|0	MATCH	MATCH
chr6:29824711:T:C	1|0	1|0	MATCH	MATCH
chr6:29824798:A:G	1|0	1|0	MATCH	MATCH
chr6:29825181:T:G	1|0	1|0	MATCH	MATCH
chr6:29825219:C:T	1|0	1|0	MATCH	MATCH
chr6:29825244:A:G	1|0	1|0	MATCH	MATCH
chr6:29825385:A:G	0|1	0|1	MATCH	MATCH
chr6:29825447:C:T	0|1	0|1	MATCH	MATCH
chr6:29825608:G:A	1|0	1|0	MATCH	MATCH
chr6:29825683:T:C	0|1	0|1	MATCH	MATCH
chr6:29825813:A:G	1|0	1|0	MATCH	MATCH
chr6:29825947:T:C	1|0	1|0	MATCH	MATCH
chr6:29826099:C:A	1|0	1|0	MATCH	MATCH
chr6:29826540:G:A	1|0	1|0	MATCH	MATCH
chr6:29826705:A:T	1|0	1|0	MATCH	MATCH
chr6:29826707:A:G	0|1	0|1	MATCH	MATCH
chr6:29826881:G:A	1|0	1|0	MATCH	MATCH
chr6:29827083:C:T	1|0	1|0	MATCH	MATCH
chr6:29827129:T:G	1|0	1|0	MATCH	MATCH
chr6:29827156:A:G	1|0	1|0	MATCH	MATCH
chr6:29827179:G:T	1|0	1|0	MATCH	MATCH
chr6:29827212:G:A	1|0	1|0	MATCH	MATCH
chr6:29827299:A:AG	0|1	0|1	MATCH	MATCH
chr6:29827359:A:C	1|0	1|0	MATCH	MATCH
chr6:29827445:G:A	0|1	0|1	MATCH	MATCH
chr6:29827454:G:A	0|1	0|1	MATCH	MATCH
chr6:29827644:G:A	1|0	1|0	MATCH	MATCH
chr6:29827789:C:T	0|1	0|1	MATCH	MATCH
chr6:29827859:G:A	1|0	1|0	MATCH	MATCH
chr6:29827880:G:A	1|0	1|0	MATCH	MATCH
chr6:29828032:C:T	1|0	1|0	MATCH	MATCH
chr6:29828136:A:T	0|1	0|1	MATCH	MATCH
chr6:29828216:G:A	1|0	1|0	MATCH	MATCH
chr6:29828329:G:T	0|1	0|1	MATCH	MATCH
chr6:29828349:A:AC	1|0	1|0	MATCH	MATCH
chr6:29828351:C:A	0|1	0|1	MATCH	MATCH
chr6:29828375:G:C	1|0	1|0	MATCH	MATCH
chr6:29828451:G:A	0|1	0|1	MATCH	MATCH
chr6:29828457:CA:C	1|0	1|0	MATCH	MATCH
chr6:29828488:G:T	0|1	0|1	MATCH	MATCH
chr6:29828529:G:A	1|0	1|0	MATCH	MATCH
chr6:29828550:C:T	1|0	1|0	MATCH	MATCH
chr6:29828898:G:T	0|1	0|1	MATCH	MATCH
chr6:29828908:T:C	1|0	1|0	MATCH	MATCH
chr6:29828991:T:C	1|0	1|0	MATCH	MATCH
chr6:29829061:A:G	1|0	1|0	MATCH	MATCH
chr6:29829157:G:A	0|1	0|1	MATCH	MATCH
chr6:29829158:G:A	1|0	1|0	MATCH	MATCH
chr6:29829209:G:A	1|0	1|0	MATCH	MATCH
chr6:29829378:G:C	0|1	0|1	MATCH	MATCH
chr6:29829434:C:T	0|1	0|1	MATCH	MATCH
chr6:29829776:G:C	1|0	1|0	MATCH	MATCH
chr6:29829862:C:T	1|0	1|0	MATCH	MATCH
chr6:29830005:T:C	1|0	1|0	MATCH	MATCH
chr6:29830122:T:C	1|0	1|0	MATCH	MATCH
chr6:29830156:C:T	1|0	1|0	MATCH	MATCH
chr6:29830174:A:G	1|0	1|0	MATCH	MATCH
chr6:29830262:G:A	1|0	1|0	MATCH	MATCH
chr6:29830363:A:G	1|0	1|0	MATCH	MATCH
chr6:29830642:G:A	1|0	1|0	MATCH	MATCH
chr6:29830865:C:T	0|1	0|1	MATCH	MATCH
chr6:29831026:C:G	1|0	1|0	MATCH	MATCH
chr6:29831252:C:T	0|1	0|1	MATCH	MATCH
chr6:29831339:G:T	1|0	1|0	MATCH	MATCH
chr6:29831529:T:C	1|0	1|0	MATCH	MATCH
chr6:29831539:C:T	1|0	1|0	MATCH	MATCH
chr6:29831577:A:G	1|0	1|0	MATCH	MATCH
chr6:29831969:C:G	0|1	0|1	MATCH	MATCH
chr6:29832229:G:GT	0|1	0|1	MATCH	MATCH
chr6:29832285:C:G	0|1	0|1	MATCH	MATCH
chr6:29832329:G:A	0|1	0|1	MATCH	MATCH
chr6:29832530:C:T	0|1	0|1	MATCH	MATCH
chr6:29833052:A:G	0|1	0|1	MATCH	MATCH
chr6:29833144:G:A	0|1	0|1	MATCH	MATCH
chr6:29833333:G:A	0|1	0|1	MATCH	MATCH
chr6:29833547:T:C	1|0	1|0	MATCH	MATCH
chr6:29833697:T:C	0|1	0|1	MATCH	MATCH
chr6:29834014:T:C	0|1	0|1	MATCH	MATCH
chr6:29834181:T:C	0|1	0|1	MATCH	MATCH
chr6:29834185:A:G	0|1	0|1	MATCH	MATCH
chr6:29834244:C:G	0|1	0|1	MATCH	MATCH
chr6:29834537:T:A	0|1	0|1	MATCH	MATCH
chr6:29834544:C:A	0|1	0|1	MATCH	MATCH
chr6:29834773:C:T	0|1	0|1	MATCH	MATCH
chr6:29834774:T:C	0|1	0|1	MATCH	MATCH
chr6:29834959:CA:C	0|1	0|1	MATCH	MATCH
chr6:29835190:A:T	0|1	0|1	MATCH	MATCH
chr6:29835332:A:C	0|1	0|1	MATCH	MATCH
chr6:29835356:G:A	0|1	0|1	MATCH	MATCH
chr6:29835600:C:T	1|0	1|0	MATCH	MATCH
chr6:29835611:A:G	0|1	0|1	MATCH	MATCH
chr6:29835728:C:T	0|1	0|1	MATCH	MATCH
chr6:29835873:T:G	0|1	0|1	MATCH	MATCH
chr6:29836109:C:A	0|1	0|1	MATCH	MATCH
chr6:29836300:A:T	0|1	0|1	MATCH	MATCH
chr6:29836388:G:A	0|1	0|1	MATCH	MATCH
chr6:29836455:G:A	0|1	0|1	MATCH	MATCH
chr6:29836928:T:A	0|1	0|1	MATCH	MATCH
chr6:29837372:T:C	0|1	0|1	MATCH	MATCH
chr6:29837389:C:T	0|1	0|1	MATCH	MATCH
chr6:29837422:T:C	0|1	0|1	MATCH	MATCH
chr6:29837679:A:G	0|1	0|1	MATCH	MATCH
chr6:29837687:G:A	0|1	0|1	MATCH	MATCH
chr6:29837774:A:G	0|1	0|1	MATCH	MATCH
chr6:29837964:T:A	0|1	0|1	MATCH	MATCH
chr6:29838032:C:A	0|1	0|1	MATCH	MATCH
chr6:29838145:G:A	0|1	0|1	MATCH	MATCH
chr6:29838256:C:G	0|1	0|1	MATCH	MATCH
chr6:29838285:T:C	0|1	0|1	MATCH	MATCH
chr6:29838417:T:C	0|1	0|1	MATCH	MATCH
chr6:29838554:A:G	0|1	0|1	MATCH	MATCH
chr6:29838564:T:C	1|0	1|0	MATCH	MATCH
chr6:29838740:C:T,CAGAT	2|1	2|1	MATCH	MATCH
chr6:29838780:A:G	0|1	0|1	MATCH	MATCH
chr6:29839124:C:G	0|1	0|1	MATCH	MATCH
chr6:29839229:T:C	0|1	0|1	MATCH	MATCH
chr6:29839616:G:C	0|1	0|1	MATCH	MATCH
chr6:29839908:G:T	0|1	0|1	MATCH	MATCH
chr6:29839913:C:T	0|1	0|1	MATCH	MATCH
chr6:29840076:G:A	0|1	0|1	MATCH	MATCH
chr6:29840083:T:C	0|1	0|1	MATCH	MATCH
chr6:29840146:T:C	0|1	0|1	MATCH	MATCH
chr6:29840236:G:A	0|1	0|1	MATCH	MATCH
chr6:29840422:G:A	0|1	0|1	MATCH	MATCH
chr6:29840467:G:C	0|1	0|1	MATCH	MATCH
chr6:29840476:A:T	0|1	0|1	MATCH	MATCH
chr6:29840687:G:A	0|1	0|1	MATCH	MATCH
chr6:29840759:T:C	0|1	0|1	MATCH	MATCH
chr6:29840766:TTATAA:T	0|1	0|1	MATCH	MATCH
chr6:29840857:T:G	0|1	0|1	MATCH	MATCH
chr6:29840903:C:G	0|1	0|1	MATCH	MATCH
chr6:29840941:A:G	0|1	0|1	MATCH	MATCH
chr6:29840998:T:C	0|1	0|1	MATCH	MATCH
chr6:29841084:G:A	0|1	0|1	MATCH	MATCH
chr6:29841100:C:T	0|1	0|1	MATCH	MATCH
chr6:29841174:C:G	0|1	0|1	MATCH	MATCH
chr6:29841211:A:G	0|1	0|1	MATCH	MATCH
chr6:29841232:A:C	0|1	0|1	MATCH	MATCH
chr6:29841310:C:T	0|1	0|1	MATCH	MATCH
chr6:29841605:C:T	1|0	1|0	MATCH	MATCH
chr6:29841742:C:CT	0|1	0|1	MATCH	MATCH
chr6:29841801:C:T	0|1	0|1	MATCH	MATCH
chr6:29841868:G:A	0|1	0|1	MATCH	MATCH
chr6:29841870:C:A	0|1	0|1	MATCH	MATCH
chr6:29842083:G:A	0|1	0|1	MATCH	MATCH
chr6:29842336:C:T	0|1	0|1	MATCH	MATCH
chr6:29842511:T:A	0|1	0|1	MATCH	MATCH
chr6:29842802:GTTC:G	0|1	0|1	MATCH	MATCH
chr6:29842878:GT:G	0|1	0|1	MATCH	MATCH
chr6:29843245:A:C	0|1	0|1	MATCH	MATCH
chr6:29843354:G:A	1|0	1|0	MATCH	MATCH
chr6:29843791:T:C	0|1	0|1	MATCH	MATCH
chr6:29843990:C:T	0|1	0|1	MATCH	MATCH
chr6:29844498:T:TC	0|1	0|1	MATCH	MATCH
chr6:29845179:C:G	0|1	0|1	MATCH	MATCH
chr6:29845603:C:T	1|0	1|0	MATCH	MATCH
chr6:29847001:T:G	1|0	1|0	MATCH	MATCH
chr6:29849032:C:T	0|1	0|1	MATCH	MATCH
chr6:29849265:G:A	0|1	0|1	MATCH	MATCH
chr6:29850146:G:C	0|1	0|1	MATCH	MATCH
chr6:29851504:G:A	0|1	0|1	MATCH	MATCH
chr6:29851917:C:T	1|0	1|0	MATCH	MATCH
chr6:29852270:T:C	1|0	1|0	MATCH	MATCH
chr6:29852333:G:A	1|0	1|0	MATCH	MATCH
chr6:29852726:G:A	1|0	1|0	MATCH	MATCH
chr6:29853810:G:A	0|1	0|1	MATCH	MATCH
chr6:29854284:C:T	0|1	0|1	MATCH	MATCH
chr6:29854288:A:G	0|1	0|1	MATCH	MATCH
chr6:29854873:A:G	0|1	0|1	MATCH	MATCH
chr6:29855794:A:T	0|1	0|1	MATCH	MATCH
chr6:29856833:C:A	1|0	1|0	MATCH	MATCH
chr6:29859225:A:G	1|0	1|0	MATCH	MATCH
chr6:29859813:C:T	0|1	0|1	MATCH	MATCH
chr6:29860493:T:C	1|0	1|0	MATCH	MATCH
chr6:29860499:C:T	1|0	1|0	MATCH	MATCH
chr6:29861687:C:T	1|0	1|0	MATCH	MATCH
chr6:29862209:T:C	0|1	0|1	MATCH	MATCH
chr6:29862297:T:C	0|1	0|1	MATCH	MATCH
chr6:29862752:C:G	1|0	1|0	MATCH	MATCH
chr6:29862929:A:G	1|0	1|0	MATCH	MATCH
chr6:29864154:T:C	0|1	0|1	MATCH	MATCH
chr6:29864206:C:A	1|0	1|0	MATCH	MATCH
chr6:29864555:A:G	1|0	1|0	MATCH	MATCH
chr6:29865131:A:G	1|0	1|0	MATCH	MATCH
chr6:29865256:C:T	1|0	1|0	MATCH	MATCH
chr6:29865421:T:G	1|0	1|0	MATCH	MATCH
chr6:29865476:C:A	1|0	1|0	MATCH	MATCH
chr6:29865695:C:A	0|1	0|1	MATCH	MATCH
chr6:29865813:C:CAG	0|1	0|1	MATCH	MATCH
chr6:29866017:T:TA	1|0	1|0	MATCH	MATCH
chr6:29866070:G:A	1|0	1|0	MATCH	MATCH
chr6:29866100:G:C	1|0	1|0	MATCH	MATCH
chr6:29866171:C:T	1|0	1|0	MATCH	MATCH
chr6:29866244:ATCCCC:A	1|0	1|0	MATCH	MATCH
chr6:29866284:C:T	1|0	1|0	MATCH	MATCH
chr6:29866424:T:C	1|0	1|0	MATCH	MATCH
chr6:29866611:G:C	0|1	0|1	MATCH	MATCH
chr6:29866672:A:G	1|0	1|0	MATCH	MATCH
chr6:29867075:A:G	1|0	1|0	MATCH	MATCH
chr6:29867088:C:T	1|0	1|0	MATCH	MATCH
chr6:29867141:A:C	1|0	1|0	MATCH	MATCH
chr6:29867174:T:C	1|0	1|0	MATCH	MATCH
chr6:29867296:A:G	1|0	1|0	MATCH	MATCH
chr6:29867334:A:G	1|0	1|0	MATCH	MATCH
chr6:29867615:C:T	0|1	0|1	MATCH	MATCH
chr6:29867856:C:T	1|0	1|0	MATCH	MATCH
chr6:29868057:G:A	1|0	1|0	MATCH	MATCH
chr6:29868105:G:T	1|0	1|0	MATCH	MATCH
chr6:29868150:A:C	1|0	1|0	MATCH	MATCH
chr6:29868202:G:A	1|0	1|0	MATCH	MATCH
chr6:29868210:T:C	1|0	1|0	MATCH	MATCH
chr6:29868282:C:A	1|0	1|0	MATCH	MATCH
chr6:29868285:T:C	1|0	1|0	MATCH	MATCH
chr6:29868429:A:G	1|0	1|0	MATCH	MATCH
chr6:29868482:A:C	1|0	1|0	MATCH	MATCH
chr6:29868531:C:T	1|0	1|0	MATCH	MATCH
chr6:29868747:C:A	1|0	1|0	MATCH	MATCH
chr6:29868800:T:C	1|0	1|0	MATCH	MATCH
chr6:29868955:G:A	1|0	1|0	MATCH	MATCH
chr6:29868964:A:G	1|0	1|0	MATCH	MATCH
chr6:29869191:A:G	1|0	1|0	MATCH	MATCH
chr6:29869259:G:C	1|0	1|0	MATCH	MATCH
chr6:29869295:G:A	1|0	1|0	MATCH	MATCH
chr6:29869331:G:A	1|0	1|0	MATCH	MATCH
chr6:29869338:G:T	1|0	1|0	MATCH	MATCH
chr6:29869342:G:A	1|0	1|0	MATCH	MATCH
chr6:29869361:A:C	1|0	1|0	MATCH	MATCH
chr6:29869365:G:A	1|0	1|0	MATCH	MATCH
chr6:29869411:C:T	1|0	1|0	MATCH	MATCH
chr6:29869437:G:A	1|0	1|0	MATCH	MATCH
chr6:29869472:C:G	1|0	1|0	MATCH	MATCH
chr6:29869482:G:T	1|0	1|0	MATCH	MATCH
chr6:29869488:G:C	1|0	1|0	MATCH	MATCH
chr6:29869489:A:T	1|0	1|0	MATCH	MATCH
chr6:29869496:T:C	1|0	1|0	MATCH	MATCH
chr6:29869535:A:G	1|0	1|0	MATCH	MATCH
chr6:29869540:C:G	1|0	1|0	MATCH	MATCH
chr6:29869568:T:C	0|1	0|1	MATCH	MATCH
chr6:29869618:G:C	1|0	1|0	MATCH	MATCH
chr6:29869687:A:C	1|0	1|0	MATCH	MATCH
chr6:29869752:T:C	1|0	1|0	MATCH	MATCH
chr6:29869769:A:G	1|0	1|0	MATCH	MATCH
chr6:29869791:C:T	1|0	1|0	MATCH	MATCH
chr6:29869843:T:G	1|0	1|0	MATCH	MATCH
chr6:29869926:A:G	1|0	1|0	MATCH	MATCH
chr6:29869943:A:G	1|0	1|0	MATCH	MATCH
chr6:29870024:A:G	1|0	1|0	MATCH	MATCH
chr6:29870081:C:T	1|0	1|0	MATCH	MATCH
chr6:29870162:A:T	1|0	1|0	MATCH	MATCH
chr6:29870164:G:A	1|0	1|0	MATCH	MATCH
chr6:29870202:A:C	0|1	0|1	MATCH	MATCH
chr6:29870232:T:C	1|0	1|0	MATCH	MATCH
chr6:29870367:G:T	1|0	1|0	MATCH	MATCH
chr6:29870408:A:G	1|0	1|0	MATCH	MATCH
chr6:29870466:C:T	1|0	1|0	MATCH	MATCH
chr6:29870543:G:A	1|0	1|0	MATCH	MATCH
chr6:29870569:C:T	1|0	1|0	MATCH	MATCH
chr6:29870624:A:G	1|0	1|0	MATCH	MATCH
chr6:29870626:A:C	1|0	1|0	MATCH	MATCH
chr6:29870649:G:A	1|0	1|0	MATCH	MATCH
chr6:29870750:C:T	1|0	1|0	MATCH	MATCH
chr6:29870768:C:T	1|0	1|0	MATCH	MATCH
chr6:29870773:G:C	1|0	1|0	MATCH	MATCH
chr6:29870828:C:G	1|0	1|0	MATCH	MATCH
chr6:29870840:A:G	1|0	1|0	MATCH	MATCH
chr6:29870875:T:A	0|1	0|1	MATCH	MATCH
chr6:29870896:C:T	1|0	1|0	MATCH	MATCH
chr6:29870905:A:C	1|0	1|0	MATCH	MATCH
chr6:29870906:A:C	1|0	1|0	MATCH	MATCH
chr6:29871027:G:T	1|0	1|0	MATCH	MATCH
chr6:29871032:C:T	1|0	1|0	MATCH	MATCH
chr6:29871051:G:A	1|0	1|0	MATCH	MATCH
chr6:29871103:G:A	1|0	1|0	MATCH	MATCH
chr6:29871113:C:T	0|1	0|1	MATCH	MATCH
chr6:29871430:G:A	1|0	1|0	MATCH	MATCH
chr6:29871488:T:C	0|1	0|1	MATCH	MATCH
chr6:29871491:C:T	1|0	1|0	MATCH	MATCH
chr6:29871496:G:C	1|0	1|0	MATCH	MATCH
chr6:29871530:C:G	1|0	1|0	MATCH	MATCH
chr6:29871543:A:C	1|0	1|0	MATCH	MATCH
chr6:29871583:A:C	1|0	1|0	MATCH	MATCH
chr6:29871604:C:T	1|0	1|0	MATCH	MATCH
chr6:29871644:C:T	1|0	1|0	MATCH	MATCH
chr6:29871688:A:G	1|0	1|0	MATCH	MATCH
chr6:29871702:G:A	1|0	1|0	MATCH	MATCH
chr6:29871723:G:A	1|0	1|0	MATCH	MATCH
chr6:29871746:C:T	0|1	0|1	MATCH	MATCH
chr6:29871747:G:C	1|0	1|0	MATCH	MATCH
chr6:29871753:C:T	1|0	1|0	MATCH	MATCH
chr6:29871754:A:G	1|0	1|0	MATCH	MATCH
chr6:29871770:C:T	1|0	1|0	MATCH	MATCH
chr6:29871890:A:G	1|0	1|0	MATCH	MATCH
chr6:29872039:T:C	1|0	1|0	MATCH	MATCH
chr6:29872125:G:A	1|0	1|0	MATCH	MATCH
chr6:29872172:A:G	1|0	1|0	MATCH	MATCH
chr6:29872220:G:A	1|0	1|0	MATCH	MATCH
chr6:29872369:T:C	1|0	1|0	MATCH	MATCH
chr6:29872376:T:C	1|0	1|0	MATCH	MATCH
chr6:29872411:A:G	1|0	1|0	MATCH	MATCH
chr6:29872443:G:A	1|0	1|0	MATCH	MATCH
chr6:29872466:A:G	1|0	1|0	MATCH	MATCH
chr6:29872519:C:G	1|0	1|0	MATCH	MATCH
chr6:29872605:C:T	1|0	1|0	MATCH	MATCH
chr6:29872631:C:A	0|1	0|1	MATCH	MATCH
chr6:29872658:A:G	1|0	1|0	MATCH	MATCH
chr6:29872707:T:C	1|0	1|0	MATCH	MATCH
chr6:29872733:C:T	1|0	1|0	MATCH	MATCH
chr6:29872871:T:C	1|0	1|0	MATCH	MATCH
chr6:29872920:CCA:C	1|0	1|0	MATCH	MATCH
chr6:29873061:G:C	1|0	1|0	MATCH	MATCH
chr6:29873160:G:A	1|0	1|0	MATCH	MATCH
chr6:29873166:C:T	1|0	1|0	MATCH	MATCH
chr6:29873244:A:G	1|0	1|0	MATCH	MATCH
chr6:29873274:C:A	0|1	0|1	MATCH	MATCH
chr6:29873295:C:T	1|0	1|0	MATCH	MATCH
chr6:29873385:T:G	1|0	1|0	MATCH	MATCH
chr6:29873418:A:G	1|0	0|0	DIFF	ERROR
chr6:29873439:AT:A	1|0	1|0	MATCH	MATCH
chr6:29873445:A:T	1|0	1|0	MATCH	MATCH
chr6:29873575:G:T	0|1	0|1	MATCH	MATCH
chr6:29873623:A:G	1|0	1|0	MATCH	MATCH
chr6:29873679:A:G	1|0	1|0	MATCH	MATCH
chr6:29873706:G:C	1|0	1|0	MATCH	MATCH
chr6:29873728:T:A	1|0	1|0	MATCH	MATCH
chr6:29873767:C:T	1|0	1|0	MATCH	MATCH
chr6:29873859:A:G	1|0	1|0	MATCH	MATCH
chr6:29873942:T:C	1|0	1|0	MATCH	MATCH
chr6:29873945:C:G	1|0	1|0	MATCH	MATCH
chr6:29874024:G:A	1|0	1|0	MATCH	MATCH
chr6:29881730:G:A	1|0	1|0	MATCH	MATCH
chr6:29881754:T:C	1|0	1|0	MATCH	MATCH
chr6:29881842:G:T	1|0	1|0	MATCH	MATCH
chr6:29882205:G:C	1|0	1|0	MATCH	MATCH
chr6:29882311:A:G	1|0	1|0	MATCH	MATCH
chr6:29882406:G:A	1|0	1|0	MATCH	MATCH
chr6:29882420:C:T	1|0	1|0	MATCH	MATCH
chr6:29882497:A:G	1|0	1|0	MATCH	MATCH
chr6:29882762:A:T	1|0	1|0	MATCH	MATCH
chr6:29882840:C:T	0|1	0|1	MATCH	MATCH
chr6:29882878:C:T	1|0	1|0	MATCH	MATCH
chr6:29882907:A:G	1|0	1|0	MATCH	MATCH
chr6:29882937:G:A	1|0	1|0	MATCH	MATCH
chr6:29882950:C:T	1|0	1|0	MATCH	MATCH
chr6:29882987:C:A	1|0	1|0	MATCH	MATCH
chr6:29883007:A:G	0|1	0|1	MATCH	MATCH
chr6:29883046:A:C	1|0	1|0	MATCH	MATCH
chr6:29938579:AAT:A	1|0	1|0	MATCH	MATCH
chr6:29938797:C:A	0|1	0|1	MATCH	MATCH
chr6:29938804:A:G	0|1	0|1	MATCH	MATCH
chr6:29938820:G:A	1|0	1|0	MATCH	MATCH
chr6:29938889:G:A	0|1	0|1	MATCH	MATCH
chr6:29938904:C:T	1|0	1|0	MATCH	MATCH
chr6:29939070:TACA:T	0|1	0|1	MATCH	MATCH
chr6:29939235:A:G	0|1	0|1	MATCH	MATCH
chr6:29939253:C:T	1|0	1|0	MATCH	MATCH
chr6:29939339:A:G	0|1	0|1	MATCH	MATCH
chr6:29939356:G:A	0|1	0|1	MATCH	MATCH
chr6:29939440:G:A	1|0	1|0	MATCH	MATCH
chr6:29939733:C:G	1|0	1|0	MATCH	MATCH
chr6:29939819:C:G	1|0	1|0	MATCH	MATCH
chr6:29939831:C:T	0|1	0|1	MATCH	MATCH
chr6:29939963:A:G	1|0	1|0	MATCH	MATCH
chr6:29940084:T:G	0|1	0|1	MATCH	MATCH
chr6:29940229:G:A	1|0	1|0	MATCH	MATCH
chr6:29940330:G:T	1|0	1|0	MATCH	MATCH
chr6:29940331:G:T	1|0	1|0	MATCH	MATCH
chr6:29940334:C:T	0|1	0|1	MATCH	MATCH
chr6:29940379:G:A	1|0	1|0	MATCH	MATCH
chr6:29940596:C:G	0|1	0|1	MATCH	MATCH
chr6:29940620:G:A,*	1|2	1|2	MATCH	MATCH
chr6:29940663:G:A	0|1	0|1	MATCH	MATCH
chr6:29940707:G:A	0|1	0|1	MATCH	MATCH
chr6:29940714:G:A	0|1	0|1	MATCH	MATCH
chr6:29940949:C:G	1|0	1|0	MATCH	MATCH
chr6:29940976:G:C	0|1	0|1	MATCH	MATCH
chr6:29941114:C:T	1|0	1|0	MATCH	MATCH
chr6:29941124:A:C	1|0	1|0	MATCH	MATCH
chr6:29941160:C:T	0|1	0|1	MATCH	MATCH
chr6:29941199:C:T	0|1	0|1	MATCH	MATCH
chr6:29941293:T:C	1|0	1|0	MATCH	MATCH
chr6:29941472:A:C	0|1	0|1	MATCH	MATCH
chr6:29941562:G:A	1|0	1|0	MATCH	MATCH
chr6:29941583:G:A	0|1	0|1	MATCH	MATCH
chr6:29941595:C:G	1|0	1|0	MATCH	MATCH
chr6:29941614:C:A	0|1	0|1	MATCH	MATCH
chr6:29941632:C:T	0|1	0|1	MATCH	MATCH
chr6:29941649:T:C	0|1	0|1	MATCH	MATCH
chr6:29941663:A:G	1|0	1|0	MATCH	MATCH
chr6:29941670:G:C	1|0	1|0	MATCH	MATCH
chr6:29941677:T:C	1|0	1|0	MATCH	MATCH
chr6:29941756:G:C	0|1	0|1	MATCH	MATCH
chr6:29941765:A:G	0|1	0|1	MATCH	MATCH
chr6:29941782:G:A	1|0	1|0	MATCH	MATCH
chr6:29941785:C:A	0|1	0|1	MATCH	MATCH
chr6:29941820:T:G	0|1	0|1	MATCH	MATCH
chr6:29941937:T:C	1|0	1|0	MATCH	MATCH
chr6:29941974:T:C	1|0	1|0	MATCH	MATCH
chr6:29942034:G:T	0|1	0|1	MATCH	MATCH
chr6:29942063:G:A	1|0	1|0	MATCH	MATCH
chr6:29942147:G:A	1|0	1|0	MATCH	MATCH
chr6:29942180:G:C	0|1	0|1	MATCH	MATCH
chr6:29942280:C:A	0|1	0|1	MATCH	MATCH
chr6:29942328:G:A	1|0	1|0	MATCH	MATCH
chr6:29942581:C:G	1|0	1|0	MATCH	MATCH
chr6:29942594:C:T	0|1	0|1	MATCH	MATCH
chr6:29942642:G:T	0|1	0|1	MATCH	MATCH
chr6:29942643:GA:G	0|1	0|1	MATCH	MATCH
chr6:29942652:C:G	1|0	1|0	MATCH	MATCH
chr6:29942660:C:T	1|0	1|0	MATCH	MATCH
chr6:29942705:G:A,T	1|2	1|2	MATCH	MATCH
chr6:29942715:G:T	1|0	1|0	MATCH	MATCH
chr6:29942733:G:A	0|1	0|1	MATCH	MATCH
chr6:29942780:T:A	0|1	0|1	MATCH	MATCH
chr6:29942781:T:A,C	1|2	1|2	MATCH	MATCH
chr6:29942973:C:T	0|1	0|1	MATCH	MATCH
chr6:29942984:G:A	1|0	1|0	MATCH	MATCH
chr6:29943024:C:A	1|0	1|0	MATCH	MATCH
chr6:29943039:G:A	0|1	0|1	MATCH	MATCH
chr6:29943062:C:T	0|1	0|1	MATCH	MATCH
chr6:29943089:G:A	0|1	0|1	MATCH	MATCH
chr6:29943115:A:G	1|0	1|0	MATCH	MATCH
chr6:29943226:G:A	0|1	0|1	MATCH	MATCH
chr6:29943252:G:T	1|0	1|0	MATCH	MATCH
chr6:29943253:C:T	0|1	0|1	MATCH	MATCH
chr6:29943260:G:C	1|0	1|0	MATCH	MATCH
chr6:29943309:T:C	1|0	1|0	MATCH	MATCH
chr6:29943347:C:T	1|0	1|0	MATCH	MATCH
chr6:29943372:C:T	0|1	0|1	MATCH	MATCH
chr6:29943441:G:A	1|0	1|0	MATCH	MATCH
chr6:29943448:A:G	0|1	0|1	MATCH	MATCH
chr6:29943507:T:C	0|1	0|1	MATCH	MATCH
chr6:29943642:A:G	1|0	1|0	MATCH	MATCH
chr6:29943728:C:G	0|1	0|1	MATCH	MATCH
chr6:29944080:G:T	0|1	0|1	MATCH	MATCH
chr6:29944124:C:G	1|0	1|0	MATCH	MATCH
chr6:29944131:A:G	0|1	0|1	MATCH	MATCH
chr6:29944291:A:G	1|0	1|0	MATCH	MATCH
chr6:29944372:G:C	0|1	0|1	MATCH	MATCH
chr6:29944411:T:C	1|0	1|0	MATCH	MATCH
chr6:29944549:G:A	0|1	0|1	MATCH	MATCH
chr6:29944568:A:T	0|1	0|1	MATCH	MATCH
chr6:29944596:T:G	0|1	0|1	MATCH	MATCH
chr6:29944618:T:TGG	0|1	0|1	MATCH	MATCH
chr6:29944621:A:G,T	1|2	1|2	MATCH	MATCH
chr6:29944628:G:A	1|0	1|0	MATCH	MATCH
chr6:29944681:T:A	1|0	1|0	MATCH	MATCH
chr6:29944729:G:A	1|0	1|0	MATCH	MATCH
chr6:29944817:C:T	0|1	0|1	MATCH	MATCH
chr6:29945108:C:A	0|1	0|1	MATCH	MATCH
chr6:29945113:G:C	0|1	0|1	MATCH	MATCH
chr6:29945115:C:A	0|1	0|1	MATCH	MATCH
chr6:29945116:T:A	0|1	0|1	MATCH	MATCH
chr6:29945119:G:A	0|1	0|1	MATCH	MATCH
chr6:29945120:G:A	0|1	0|1	MATCH	MATCH
chr6:29945123:C:A	0|1	0|1	MATCH	MATCH
chr6:29945124:T:C	0|1	0|1	MATCH	MATCH
chr6:29945191:C:G	1|0	1|0	MATCH	MATCH
chr6:29945521:A:T	0|1	0|1	MATCH	MATCH
chr6:29945738:C:T	1|0	1|0	MATCH	MATCH
chr6:29945982:A:G	1|0	1|0	MATCH	MATCH
chr6:29948252:C:T	1|0	1|0	MATCH	MATCH
chr6:29948349:C:A	0|1	0|1	MATCH	MATCH
chr6:29948690:A:G	1|0	1|0	MATCH	MATCH
chr6:29949244:C:T	0|1	0|1	MATCH	MATCH
chr6:29949924:G:A	1|0	1|0	MATCH	MATCH
chr6:29950024:G:A	0|1	0|1	MATCH	MATCH
chr6:29950538:A:T	1|0	1|0	MATCH	MATCH
chr6:29952789:T:C	1|0	1|0	MATCH	MATCH
chr6:29954963:A:G	0|1	0|1	MATCH	MATCH
chr6:29954977:C:T	0|1	0|1	MATCH	MATCH
chr6:29955033:G:A	0|1	0|1	MATCH	MATCH
chr6:29955072:T:C	0|1	0|1	MATCH	MATCH
chr6:29955563:C:T	0|1	0|1	MATCH	MATCH
chr6:29955574:G:A	1|0	1|0	MATCH	MATCH
chr6:29955593:G:A	0|1	0|1	MATCH	MATCH
chr6:29955636:G:A	1|0	1|0	MATCH	MATCH
chr6:29955646:C:T	1|0	1|0	MATCH	MATCH
chr6:29955804:A:G	1|0	1|0	MATCH	MATCH
chr6:29956346:T:G	0|1	0|1	MATCH	MATCH
chr6:29956382:C:G	1|0	1|0	MATCH	MATCH
chr6:29957056:T:A	0|1	0|1	MATCH	MATCH
chr6:29957219:C:T	1|0	1|0	MATCH	MATCH
chr6:29957357:G:A	0|1	0|1	MATCH	MATCH
chr6:29957444:C:CA	0|1	0|1	MATCH	MATCH
chr6:29957661:C:T	0|1	0|1	MATCH	MATCH
chr6:29957936:T:TG	0|1	0|1	MATCH	MATCH
chr6:29958632:G:A	0|1	0|1	MATCH	MATCH
chr6:29959505:G:C	0|1	0|1	MATCH	MATCH
chr6:29959757:A:C	1|0	1|0	MATCH	MATCH
chr6:29960493:C:G	0|1	0|1	MATCH	MATCH
chr6:29960767:C:T	0|1	0|1	MATCH	MATCH
chr6:29960798:T:C	0|1	0|1	MATCH	MATCH
chr6:29961038:T:A	0|1	0|1	MATCH	MATCH
chr6:29961296:T:C	0|1	0|1	MATCH	MATCH
chr6:29962545:G:A	0|1	0|1	MATCH	MATCH
chr6:29962696:G:A	0|1	0|1	MATCH	MATCH
chr6:29962842:G:A	1|0	1|0	MATCH	MATCH
chr6:29963193:TG:T	0|1	0|1	MATCH	MATCH
chr6:29963200:G:A	0|1	0|1	MATCH	MATCH
chr6:29963236:C:A	0|1	0|1	MATCH	MATCH
chr6:29963289:T:C	0|1	0|1	MATCH	MATCH
chr6:29963532:A:G	0|1	0|1	MATCH	MATCH
chr6:29963599:C:T	1|0	1|0	MATCH	MATCH
chr6:29963613:T:G	1|0	1|0	MATCH	MATCH
chr6:29963617:C:G	0|1	0|1	MATCH	MATCH
chr6:29963642:G:A	1|0	1|0	MATCH	MATCH
chr6:29963700:GCAATCCCA:G	0|1	0|1	MATCH	MATCH
chr6:29963886:T:C	0|1	0|1	MATCH	MATCH
chr6:29964022:A:G	0|1	0|1	MATCH	MATCH
chr6:29964024:T:C	0|1	0|1	MATCH	MATCH
chr6:29964064:C:T	0|1	0|1	MATCH	MATCH
chr6:29964163:A:G	0|1	0|1	MATCH	MATCH
chr6:29964218:C:A	0|1	0|1	MATCH	MATCH
chr6:29964230:G:A	0|1	0|1	MATCH	MATCH
chr6:29964332:G:T	0|1	0|1	MATCH	MATCH
chr6:29964453:C:T	1|0	1|0	MATCH	MATCH
chr6:29964553:T:C	0|1	0|1	MATCH	MATCH
chr6:29964603:A:T	0|1	0|1	MATCH	MATCH
chr6:29964656:G:A	1|0	1|0	MATCH	MATCH
chr6:29964822:CT:C	0|1	0|1	MATCH	MATCH
chr6:29964911:G:A	0|1	0|1	MATCH	MATCH
chr6:29965032:C:T	1|0	1|0	MATCH	MATCH
chr6:29965083:G:A	0|1	0|1	MATCH	MATCH
chr6:29965085:C:T	0|1	0|1	MATCH	MATCH
chr6:29965137:A:AAC	0|1	0|1	MATCH	MATCH
chr6:29965382:A:G	0|1	0|1	MATCH	MATCH
chr6:29965392:T:A	0|1	0|1	MATCH	MATCH
chr6:29965448:C:T	1|0	1|0	MATCH	MATCH
chr6:29965459:T:C	0|1	0|1	MATCH	MATCH
chr6:29965556:TTTG:T	1|0	1|0	MATCH	MATCH
chr6:29965662:C:T	1|0	1|0	MATCH	MATCH
chr6:29965757:T:C	0|1	0|1	MATCH	MATCH
chr6:29966104:T:A	1|0	1|0	MATCH	MATCH
chr6:29966187:G:C	1|0	1|0	MATCH	MATCH
chr6:29966245:T:C	1|0	1|0	MATCH	MATCH
chr6:29966332:A:G	1|0	1|0	MATCH	MATCH
chr6:29966766:G:A	0|1	0|1	MATCH	MATCH
chr6:29967130:G:A	1|0	1|0	MATCH	MATCH
chr6:29967170:C:T	0|1	0|1	MATCH	MATCH
chr6:29967171:G:A	1|0	1|0	MATCH	MATCH
chr6:29967181:A:G	1|0	1|0	MATCH	MATCH
chr6:29967232:T:C	1|0	1|0	MATCH	MATCH
chr6:29967233:G:A	1|0	1|0	MATCH	MATCH
chr6:29967240:C:T	1|0	1|0	MATCH	MATCH
chr6:29967330:C:T	1|0	1|0	MATCH	MATCH
chr6:29967331:A:G	1|0	1|0	MATCH	MATCH
chr6:29967473:G:A	0|1	0|1	MATCH	MATCH
chr6:29967595:C:T	1|0	1|0	MATCH	MATCH
chr6:29967628:C:T	0|1	0|1	MATCH	MATCH
chr6:29968021:T:C	1|0	1|0	MATCH	MATCH
chr6:29968029:G:T	0|1	0|1	MATCH	MATCH
chr6:29968073:G:A	0|1	0|1	MATCH	MATCH
chr6:29969465:G:A	0|1	0|1	MATCH	MATCH
chr6:29969527:A:G	1|0	1|0	MATCH	MATCH
chr6:29969621:C:G	0|1	0|1	MATCH	MATCH
chr6:29970018:G:A	0|1	0|1	MATCH	MATCH
chr6:29970119:C:T	0|1	0|1	MATCH	MATCH
chr6:29970147:T:C	0|1	0|1	MATCH	MATCH
chr6:29970701:A:G	0|1	0|1	MATCH	MATCH
chr6:29971000:A:T	0|1	0|1	MATCH	MATCH
chr6:29971418:G:C	0|1	0|1	MATCH	MATCH
chr6:29971439:C:A	0|1	0|1	MATCH	MATCH
chr6:29971803:G:A	0|1	0|1	MATCH	MATCH
chr6:29972329:G:A	0|1	0|1	MATCH	MATCH
chr6:29972595:G:A	0|1	0|1	MATCH	MATCH
chr6:29972711:T:C	0|1	0|1	MATCH	MATCH
chr6:29972902:G:A	0|1	0|1	MATCH	MATCH
chr6:29973401:A:G	1|0	1|0	MATCH	MATCH
chr6:29973744:T:A	0|1	0|1	MATCH	MATCH
chr6:29973840:A:G	0|1	0|1	MATCH	MATCH
chr6:29973992:G:A	0|1	0|1	MATCH	MATCH
chr6:29974009:TAAAC:T	1|0	1|0	MATCH	MATCH
chr6:29974037:G:A	0|1	0|1	MATCH	MATCH
chr6:29974096:C:A	0|1	0|1	MATCH	MATCH
chr6:29974166:C:T	0|1	0|1	MATCH	MATCH
chr6:29974349:T:G	0|1	0|1	MATCH	MATCH
chr6:29974547:T:C	0|1	0|1	MATCH	MATCH
chr6:29974624:C:G	1|0	1|0	MATCH	MATCH
chr6:29974662:G:A	1|0	1|0	MATCH	MATCH
chr6:29974710:G:A	0|1	0|1	MATCH	MATCH
chr6:29974714:T:A	1|0	1|0	MATCH	MATCH
chr6:29974720:C:T	0|1	0|1	MATCH	MATCH
chr6:29974901:G:A	1|0	1|0	MATCH	MATCH
chr6:29974929:C:CCTGCGGTGGT	0|1	0|1	MATCH	MATCH
chr6:29975080:T:C	0|1	0|1	MATCH	MATCH
chr6:29975089:T:C	1|0	1|0	MATCH	MATCH
chr6:29975112:CAG:C	0|1	0|1	MATCH	MATCH
chr6:29975150:T:G	0|1	0|1	MATCH	MATCH
chr6:29975202:G:C	1|0	1|0	MATCH	MATCH
chr6:29975228:G:C	0|1	0|1	MATCH	MATCH
chr6:29975258:G:A	0|1	0|1	MATCH	MATCH
chr6:29975477:AGGGCT:A	0|1	0|1	MATCH	MATCH
chr6:29975692:C:A	1|0	1|0	MATCH	MATCH
chr6:29975698:C:A	1|0	1|0	MATCH	MATCH
chr6:29979101:G:A	1|0	1|0	MATCH	MATCH
chr6:29979102:T:C	1|0	0|1	DIFF	DIFF
chr6:29979130:C:G	1|0	1|0	MATCH	MATCH
chr6:29979138:A:G	1|0	1|0	MATCH	MATCH
chr6:29979151:G:A	1|0	1|0	MATCH	MATCH
chr6:29979212:A:G	1|0	1|0	MATCH	MATCH
chr6:29979312:T:G	1|0	1|0	MATCH	MATCH
chr6:29979315:C:A	1|0	1|0	MATCH	MATCH
chr6:29979392:C:T	1|0	1|0	MATCH	MATCH
chr6:29979587:T:C	1|0	0|0	DIFF	ERROR
chr6:29979608:T:C	1|0	0|0	DIFF	ERROR
chr6:29979668:G:T	1|0	0|0	DIFF	ERROR
chr6:29979754:A:G	1|0	0|0	DIFF	ERROR
chr6:29979981:G:C	1|0	0|0	DIFF	ERROR
chr6:29980112:A:G	1|0	1|0	MATCH	MATCH
chr6:29980157:G:A	1|0	1|0	MATCH	MATCH
chr6:29980427:C:G	1|0	1|0	MATCH	MATCH
chr6:29980588:G:T	0|1	0|1	MATCH	MATCH
chr6:29980624:G:A	1|0	1|0	MATCH	MATCH
chr6:29980780:C:T	1|0	1|0	MATCH	MATCH
chr6:29980813:GA:G	0|1	0|1	MATCH	MATCH
chr6:29980931:C:T	1|0	1|0	MATCH	MATCH
chr6:29980939:A:T	1|0	1|0	MATCH	MATCH
chr6:29980974:C:T	1|0	1|0	MATCH	MATCH
chr6:29981107:C:T	1|0	1|0	MATCH	MATCH
chr6:29981270:C:T	1|0	1|0	MATCH	MATCH
chr6:29981346:G:T	0|1	0|1	MATCH	MATCH
chr6:29981391:G:T	0|1	0|1	MATCH	MATCH
chr6:29981671:A:G	0|1	0|1	MATCH	MATCH
chr6:29981679:C:T	0|1	0|1	MATCH	MATCH
chr6:29981741:G:A	0|1	0|1	MATCH	MATCH
chr6:29982112:C:T	1|0	1|0	MATCH	MATCH
chr6:29982363:A:G	0|1	0|1	MATCH	MATCH
chr6:29982544:G:A	0|1	0|1	MATCH	MATCH
chr6:29982640:T:C	0|1	0|1	MATCH	MATCH
chr6:29982715:G:A	1|0	1|0	MATCH	MATCH
chr6:29982800:A:G	0|1	0|1	MATCH	MATCH
chr6:29982919:C:G	0|1	0|1	MATCH	MATCH
chr6:29983202:A:C	0|1	0|1	MATCH	MATCH
chr6:29983272:T:G	0|1	0|1	MATCH	MATCH
chr6:29983284:C:T	0|1	0|1	MATCH	MATCH
chr6:29983287:T:C	0|1	0|1	MATCH	MATCH
chr6:29983288:T:C	0|1	0|1	MATCH	MATCH
chr6:29983307:T:A	0|1	0|1	MATCH	MATCH
chr6:29983427:G:A	0|1	0|1	MATCH	MATCH
chr6:29983496:A:G	0|1	0|1	MATCH	MATCH
chr6:29983506:A:C	0|1	0|1	MATCH	MATCH
chr6:29983517:G:T	0|1	0|1	MATCH	MATCH
chr6:29983834:A:T	0|1	0|1	MATCH	MATCH
chr6:29983842:G:A	0|1	0|1	MATCH	MATCH
chr6:29984005:T:C	1|0	1|0	MATCH	MATCH
chr6:29984028:GGAA:G	0|1	0|1	MATCH	MATCH
chr6:29984114:A:G	0|1	0|1	MATCH	MATCH
chr6:29984287:CT:C	0|1	0|1	MATCH	MATCH
chr6:29984289:G:A	0|1	0|1	MATCH	MATCH
chr6:29984292:G:A	0|1	0|1	MATCH	MATCH
chr6:29984325:G:T	0|1	0|1	MATCH	MATCH
chr6:29984329:C:T	0|1	0|1	MATCH	MATCH
chr6:29984330:C:G	0|1	0|1	MATCH	MATCH
chr6:29984370:A:T	0|1	0|1	MATCH	MATCH
chr6:29984385:T:C	0|1	0|1	MATCH	MATCH
chr6:29984538:C:G	0|1	0|1	MATCH	MATCH
chr6:29984548:T:C	0|1	0|1	MATCH	MATCH
chr6:29984582:G:A	0|1	0|1	MATCH	MATCH
chr6:29984642:C:T	0|1	0|1	MATCH	MATCH
chr6:29984671:A:T,*	1|2	1|2	MATCH	MATCH
chr6:29984705:C:T	0|1	0|1	MATCH	MATCH
chr6:29984776:A:G	0|1	0|1	MATCH	MATCH
chr6:29984927:C:T	0|1	0|1	MATCH	MATCH
chr6:29985037:T:C	0|1	0|1	MATCH	MATCH
chr6:29985258:G:A	0|1	0|1	MATCH	MATCH
chr6:29985322:C:T	0|1	0|1	MATCH	MATCH
chr6:29985493:C:G	0|1	0|1	MATCH	MATCH
chr6:29985534:A:T	0|1	0|1	MATCH	MATCH
chr6:29985651:T:G	0|1	0|1	MATCH	MATCH
chr6:29985665:C:T	0|1	0|1	MATCH	MATCH
chr6:29985821:G:C	0|1	0|1	MATCH	MATCH
chr6:29985851:G:A	0|1	0|1	MATCH	MATCH
chr6:29985939:T:C	0|1	0|1	MATCH	MATCH
chr6:29985941:G:A	0|1	0|1	MATCH	MATCH
chr6:29985957:A:G	0|1	0|1	MATCH	MATCH
chr6:29986211:C:T	0|1	0|1	MATCH	MATCH
chr6:29986334:T:C	0|1	0|1	MATCH	MATCH
chr6:29986338:C:G	0|1	0|1	MATCH	MATCH
chr6:29986413:T:C	0|1	0|1	MATCH	MATCH
chr6:29986503:T:C	0|1	0|1	MATCH	MATCH
chr6:29986840:A:G	0|1	0|1	MATCH	MATCH
chr6:29986865:C:T	0|1	0|1	MATCH	MATCH
chr6:29986942:C:T	0|1	0|1	MATCH	MATCH
chr6:29987003:G:A	0|1	0|1	MATCH	MATCH
chr6:29987042:A:G	0|1	0|1	MATCH	MATCH
chr6:29987074:A:G	0|1	0|1	MATCH	MATCH
chr6:29987248:T:C	1|0	1|0	MATCH	MATCH
chr6:29987280:T:C	0|1	0|1	MATCH	MATCH
chr6:29987310:T:C	0|1	0|1	MATCH	MATCH
chr6:29987311:G:T	0|1	0|1	MATCH	MATCH
chr6:29987409:C:T	0|1	0|1	MATCH	MATCH
chr6:29987445:A:C	0|1	0|1	MATCH	MATCH
chr6:29987611:T:C	0|1	0|1	MATCH	MATCH
chr6:29987654:G:A	0|1	0|1	MATCH	MATCH
chr6:29987726:G:C	0|1	0|1	MATCH	MATCH
chr6:29987758:C:T	1|0	0|1	DIFF	DIFF
chr6:29987762:T:C	0|1	0|1	MATCH	MATCH
chr6:29987833:G:A	0|1	0|1	MATCH	MATCH
chr6:29988243:T:C	0|1	0|1	MATCH	MATCH
chr6:29988246:A:G	0|1	0|1	MATCH	MATCH
chr6:29988249:G:A	0|1	0|1	MATCH	MATCH
chr6:29988272:G:A	0|1	0|1	MATCH	MATCH
chr6:29988401:C:A	0|1	0|1	MATCH	MATCH
chr6:29988516:C:T	0|1	0|1	MATCH	MATCH
chr6:29988552:G:A	0|1	0|1	MATCH	MATCH
chr6:29988610:G:A	0|1	0|1	MATCH	MATCH
chr6:29988619:A:G	0|1	0|1	MATCH	MATCH
chr6:29988627:C:A	0|1	0|1	MATCH	MATCH
chr6:29988694:A:G	0|1	0|1	MATCH	MATCH
chr6:29988698:TGAG:T	0|1	0|1	MATCH	MATCH
chr6:29988743:A:G	0|1	0|1	MATCH	MATCH
chr6:29988877:G:T	0|1	0|1	MATCH	MATCH
chr6:29988943:G:A	0|1	0|1	MATCH	MATCH
chr6:29989065:A:G	0|1	0|1	MATCH	MATCH
chr6:29989176:T:C	1|0	1|0	MATCH	MATCH
chr6:29989300:C:T	0|1	0|1	MATCH	MATCH
chr6:29989508:T:G	0|1	0|1	MATCH	MATCH
chr6:29990025:T:C	1|0	1|0	MATCH	MATCH
chr6:29990089:A:G	1|0	1|0	MATCH	MATCH
chr6:29990205:G:A	1|0	0|1	DIFF	DIFF
chr6:29990311:T:C	0|1	0|1	MATCH	MATCH
chr6:29990384:A:C	0|1	0|1	MATCH	MATCH
chr6:29990478:CCT:C	1|0	1|0	MATCH	MATCH
chr6:29990711:T:C	1|0	1|0	MATCH	MATCH
chr6:29990725:G:A	1|0	1|0	MATCH	MATCH
chr6:29990749:A:T	1|0	1|0	MATCH	MATCH
chr6:29990871:A:G	1|0	1|0	MATCH	MATCH
chr6:29990897:C:T	1|0	1|0	MATCH	MATCH
chr6:29991088:T:A	1|0	1|0	MATCH	MATCH
chr6:29991121:C:T	1|0	1|0	MATCH	MATCH
chr6:29991156:A:C	1|0	1|0	MATCH	MATCH
chr6:29991280:T:TG	1|0	1|0	MATCH	MATCH
chr6:29991360:G:A	1|0	1|0	MATCH	MATCH
chr6:29991459:C:T	1|0	1|0	MATCH	MATCH
chr6:29991477:G:A	1|0	1|0	MATCH	MATCH
chr6:29991494:T:A	1|0	1|0	MATCH	MATCH
chr6:29991549:T:C	1|0	1|0	MATCH	MATCH
chr6:29991589:A:T	1|0	1|0	MATCH	MATCH
chr6:29991681:G:A	1|0	1|0	MATCH	MATCH
chr6:29991969:A:G	1|0	1|0	MATCH	MATCH
chr6:29992053:T:C	1|0	1|0	MATCH	MATCH
chr6:29992223:A:C	0|1	0|1	MATCH	MATCH
chr6:29992260:C:T	1|0	1|0	MATCH	MATCH
chr6:29992297:G:A	1|0	1|0	MATCH	MATCH
chr6:29992306:G:A	1|0	1|0	MATCH	MATCH
chr6:29992416:C:T	1|0	1|0	MATCH	MATCH
chr6:29992480:C:T	0|1	0|1	MATCH	MATCH
chr6:29992607:C:A	0|1	0|1	MATCH	MATCH
chr6:29993802:C:T	0|1	0|1	MATCH	MATCH
chr6:29993993:G:A	1|0	1|0	MATCH	MATCH
chr6:29994016:C:T	0|1	0|1	MATCH	MATCH
chr6:29994066:G:A	0|1	0|1	MATCH	MATCH
chr6:29994251:G:A	1|0	1|0	MATCH	MATCH
chr6:29994362:G:C	1|0	1|0	MATCH	MATCH
chr6:29994491:G:A	1|0	1|0	MATCH	MATCH
chr6:29994587:T:A,G	1|2	1|2	MATCH	MATCH
chr6:29994608:AG:A	0|1	0|1	MATCH	MATCH
chr6:29994621:G:A	1|0	1|0	MATCH	MATCH
chr6:29994625:G:C	0|1	0|1	MATCH	MATCH
chr6:29994740:C:T	1|0	1|0	MATCH	MATCH
chr6:29994818:G:A	1|0	1|0	MATCH	MATCH
chr6:29995299:G:C	0|1	0|1	MATCH	MATCH
chr6:29995744:T:C	0|1	0|1	MATCH	MATCH
chr6:29995845:A:G	1|0	1|0	MATCH	MATCH
chr6:29995947:C:A	0|1	0|1	MATCH	MATCH
chr6:29996537:G:C	1|0	1|0	MATCH	MATCH
chr6:29996620:G:A	0|1	0|1	MATCH	MATCH
chr6:29996634:C:T	0|1	0|1	MATCH	MATCH
chr6:29997052:A:T	0|1	0|1	MATCH	MATCH
chr6:29997222:G:A	1|0	1|0	MATCH	MATCH
chr6:29997274:T:A	0|1	0|1	MATCH	MATCH
chr6:29997926:T:C	0|1	0|1	MATCH	MATCH
chr6:29998038:A:C	0|1	0|1	MATCH	MATCH
chr6:29998161:C:T	1|0	1|0	MATCH	MATCH
chr6:29998223:A:C	1|0	1|0	MATCH	MATCH
chr6:29998240:C:A	1|0	1|0	MATCH	MATCH
chr6:29998247:G:A	0|1	0|1	MATCH	MATCH
chr6:29998264:T:C	1|0	1|0	MATCH	MATCH
chr6:29998347:T:A	1|0	1|0	MATCH	MATCH
chr6:29998398:G:A	1|0	1|0	MATCH	MATCH
chr6:29998524:G:A	1|0	1|0	MATCH	MATCH
chr6:29998688:A:G	1|0	1|0	MATCH	MATCH
chr6:29998736:T:C	1|0	1|0	MATCH	MATCH
chr6:29998832:T:C	1|0	1|0	MATCH	MATCH
chr6:29998843:A:G	1|0	1|0	MATCH	MATCH
chr6:29998893:A:G	0|1	0|1	MATCH	MATCH
chr6:29998897:T:A	0|1	0|1	MATCH	MATCH
chr6:29998941:A:G	1|0	1|0	MATCH	MATCH
chr6:29998944:A:T	1|0	1|0	MATCH	MATCH
chr6:29998949:C:T	1|0	1|0	MATCH	MATCH
chr6:29998972:C:G	1|0	1|0	MATCH	MATCH
chr6:29999090:G:A	1|0	1|0	MATCH	MATCH
chr6:29999221:A:G	1|0	1|0	MATCH	MATCH
chr6:29999225:AT:A	1|0	1|0	MATCH	MATCH
chr6:29999227:G:C	1|0	1|0	MATCH	MATCH
chr6:29999361:G:T	0|1	0|1	MATCH	MATCH
chr6:29999555:T:C	0|1	0|1	MATCH	MATCH
chr6:29999709:T:C	1|0	1|0	MATCH	MATCH
chr6:29999841:C:T	1|0	1|0	MATCH	MATCH
chr6:29999965:T:C	1|0	1|0	MATCH	MATCH
chr6:30000213:G:A	1|0	1|0	MATCH	MATCH
chr6:30000222:T:C	1|0	1|0	MATCH	MATCH
chr6:30000403:C:G	0|1	0|1	MATCH	MATCH
chr6:30000529:G:T	1|0	1|0	MATCH	MATCH
chr6:30000597:G:A	1|0	1|0	MATCH	MATCH
chr6:30000601:C:T	0|1	0|1	MATCH	MATCH
chr6:30000630:G:A	1|0	1|0	MATCH	MATCH
chr6:30000680:C:T	1|0	1|0	MATCH	MATCH
chr6:30000844:G:A	1|0	1|0	MATCH	MATCH
chr6:30000878:A:G	1|0	1|0	MATCH	MATCH
chr6:30000900:G:A	0|1	0|1	MATCH	MATCH
chr6:30000904:T:C	1|0	1|0	MATCH	MATCH
chr6:30001188:G:A	0|1	0|1	MATCH	MATCH
chr6:30001210:A:G	1|0	1|0	MATCH	MATCH
chr6:30001413:C:T	0|1	0|1	MATCH	MATCH
chr6:30001422:C:T	1|0	1|0	MATCH	MATCH
chr6:30001428:C:G	1|0	1|0	MATCH	MATCH
chr6:30001446:C:T	1|0	1|0	MATCH	MATCH
chr6:30001553:A:AC	1|0	1|0	MATCH	MATCH
chr6:30001656:G:C	0|1	0|1	MATCH	MATCH
chr6:30001736:T:C	1|0	1|0	MATCH	MATCH
chr6:30001819:A:T	1|0	1|0	MATCH	MATCH
chr6:30001825:C:G	1|0	1|0	MATCH	MATCH
chr6:30001869:C:T	1|0	1|0	MATCH	MATCH
chr6:30002041:T:C	1|0	1|0	MATCH	MATCH
chr6:30002152:C:T	1|0	1|0	MATCH	MATCH
chr6:30002196:G:T	1|0	1|0	MATCH	MATCH
chr6:30002475:T:C	0|1	0|1	MATCH	MATCH
chr6:30002561:A:G	0|1	0|1	MATCH	MATCH
chr6:30002908:T:C	1|0	1|0	MATCH	MATCH
chr6:30003062:T:C	1|0	1|0	MATCH	MATCH
chr6:30003151:G:A	0|1	0|1	MATCH	MATCH
chr6:30003237:T:C	1|0	1|0	MATCH	MATCH
chr6:30003257:T:G	0|1	0|1	MATCH	MATCH
chr6:30003262:T:C	1|0	1|0	MATCH	MATCH
chr6:30003300:C:G	0|1	0|1	MATCH	MATCH
chr6:30003514:T:C	0|1	0|1	MATCH	MATCH
chr6:30003587:CAG:C	1|0	1|0	MATCH	MATCH
chr6:30003654:A:G	1|0	1|0	MATCH	MATCH
chr6:30004136:T:C	1|0	1|0	MATCH	MATCH
chr6:30004196:T:C	0|1	0|1	MATCH	MATCH
chr6:30004612:C:T	0|1	0|1	MATCH	MATCH
chr6:30004615:T:A	0|1	0|1	MATCH	MATCH
chr6:30004997:G:C	0|1	0|1	MATCH	MATCH
chr6:30005181:CTT:C	0|1	0|1	MATCH	MATCH
chr6:30006148:C:T	1|0	1|0	MATCH	MATCH
chr6:30006209:G:GA	1|0	1|0	MATCH	MATCH
chr6:30006211:C:G	1|0	1|0	MATCH	MATCH
chr6:30006212:G:C	0|1	0|1	MATCH	MATCH
chr6:30006306:CG:C	0|1	0|1	MATCH	MATCH
chr6:30006353:T:C	1|0	1|0	MATCH	MATCH
chr6:30006377:G:A	1|0	1|0	MATCH	MATCH
chr6:30006569:G:C	0|1	0|1	MATCH	MATCH
chr6:30006831:C:G	1|0	1|0	MATCH	MATCH
chr6:30006895:T:G	1|0	1|0	MATCH	MATCH
chr6:30007146:C:T	0|1	0|1	MATCH	MATCH
chr6:30007272:C:G	1|0	1|0	MATCH	MATCH
chr6:30007278:A:G	1|0	1|0	MATCH	MATCH
chr6:30007316:A:T	1|0	1|0	MATCH	MATCH
chr6:30007318:G:C	1|0	1|0	MATCH	MATCH
chr6:30007415:CAT:C	0|1	0|1	MATCH	MATCH
chr6:30007810:G:A	1|0	1|0	MATCH	MATCH
chr6:30007942:T:C	0|1	0|1	MATCH	MATCH
chr6:30007989:G:C	0|1	0|1	MATCH	MATCH
chr6:30007998:A:C	0|1	0|1	MATCH	MATCH
chr6:30008057:C:G	1|0	1|0	MATCH	MATCH
chr6:30008287:C:T	0|1	0|1	MATCH	MATCH
chr6:30008830:G:A	1|0	1|0	MATCH	MATCH
chr6:30008964:A:G	0|1	0|1	MATCH	MATCH
chr6:30009080:G:C	1|0	1|0	MATCH	MATCH
chr6:30009291:G:C	1|0	1|0	MATCH	MATCH
chr6:30009573:T:G	0|1	0|1	MATCH	MATCH
chr6:30009580:A:C	0|1	0|1	MATCH	MATCH
chr6:30009582:G:GC	0|1	0|1	MATCH	MATCH
chr6:30010250:C:T	0|1	0|1	MATCH	MATCH
chr6:30010896:T:C	0|1	0|1	MATCH	MATCH
chr6:30011348:G:A	1|0	1|0	MATCH	MATCH
chr6:30011535:G:A	1|0	1|0	MATCH	MATCH
chr6:30011551:A:G	1|0	1|0	MATCH	MATCH
chr6:30011554:C:T	1|0	1|0	MATCH	MATCH
chr6:30011560:T:G	1|0	1|0	MATCH	MATCH
chr6:30011574:T:C	1|0	1|0	MATCH	MATCH
chr6:30011589:A:G	1|0	1|0	MATCH	MATCH
chr6:30011598:T:C	1|0	1|0	MATCH	MATCH
chr6:30011607:C:G	1|0	1|0	MATCH	MATCH
chr6:30011612:T:C	1|0	1|0	MATCH	MATCH
chr6:30011866:G:A	0|1	0|1	MATCH	MATCH
chr6:30012381:C:T	0|1	0|1	MATCH	MATCH
chr6:30012413:C:T	0|1	0|1	MATCH	MATCH
chr6:30012463:C:T	0|1	0|1	MATCH	MATCH
chr6:30012668:G:A	1|0	1|0	MATCH	MATCH
chr6:30013410:T:C	1|0	1|0	MATCH	MATCH
chr6:30013591:G:C,T	1|2	1|2	MATCH	MATCH
chr6:30013596:TA:T	1|0	1|0	MATCH	MATCH
chr6:30013601:T:C	1|0	1|0	MATCH	MATCH
chr6:30013738:C:T	1|0	1|0	MATCH	MATCH
chr6:30013744:C:A	0|1	0|1	MATCH	MATCH
chr6:30013956:A:G	0|1	0|1	MATCH	MATCH
chr6:30014238:CAA:C,CA	1|2	1|2	MATCH	MATCH
chr6:30014652:G:A	0|1	0|1	MATCH	MATCH
chr6:30014986:G:C	0|1	0|1	MATCH	MATCH
chr6:30015550:C:T	1|0	1|0	MATCH	MATCH
chr6:30015638:C:T	0|1	0|1	MATCH	MATCH
chr6:30017548:A:G	1|0	1|0	MATCH	MATCH
chr6:30017711:A:G	1|0	1|0	MATCH	MATCH
chr6:30018365:G:A	0|1	0|1	MATCH	MATCH
chr6:30018724:C:T	0|1	0|1	MATCH	MATCH
chr6:30018907:T:C	0|1	0|1	MATCH	MATCH
chr6:30019414:G:A	0|1	0|1	MATCH	MATCH
chr6:30019961:G:A	1|0	1|0	MATCH	MATCH
chr6:30020146:T:C	1|0	1|0	MATCH	MATCH
chr6:30020662:T:G	1|0	1|0	MATCH	MATCH
chr6:30020963:G:A	1|0	1|0	MATCH	MATCH
chr6:30021187:T:C	0|1	0|1	MATCH	MATCH
chr6:30021411:T:C	0|1	0|1	MATCH	MATCH
chr6:30021912:C:T	0|1	0|1	MATCH	MATCH
chr6:30022267:C:A	1|0	1|0	MATCH	MATCH
chr6:30023157:G:A	0|1	0|1	MATCH	MATCH
chr6:30023588:G:GTA	0|1	0|1	MATCH	MATCH
chr6:30023760:C:T	0|1	0|1	MATCH	MATCH
chr6:30023761:G:T	1|0	1|0	MATCH	MATCH
chr6:30023796:G:A	0|1	0|1	MATCH	MATCH
chr6:30023872:A:G	1|0	1|0	MATCH	MATCH
chr6:30024021:G:A	1|0	1|0	MATCH	MATCH
chr6:30024509:C:T	1|0	1|0	MATCH	MATCH
chr6:30024837:G:A	0|1	0|1	MATCH	MATCH
chr6:30025196:G:A	1|0	1|0	MATCH	MATCH
chr6:30025309:T:C	1|0	1|0	MATCH	MATCH
chr6:30025737:ACACAC:A	0|1	0|1	MATCH	MATCH
chr6:30026394:A:G	0|1	0|1	MATCH	MATCH
chr6:30026517:G:GA	1|0	1|0	MATCH	MATCH
chr6:30027247:T:C	0|1	0|1	MATCH	MATCH
chr6:30027887:T:C	1|0	1|0	MATCH	MATCH
chr6:30027961:G:T	0|1	0|1	MATCH	MATCH
chr6:30028344:A:G	1|0	1|0	MATCH	MATCH
chr6:30029209:A:C	1|0	1|0	MATCH	MATCH
chr6:30029535:T:C	1|0	1|0	MATCH	MATCH
chr6:30029618:CATGTTT:C	0|1	0|1	MATCH	MATCH
chr6:30029806:T:A	1|0	1|0	MATCH	MATCH
chr6:30030209:A:G	0|1	0|1	MATCH	MATCH
chr6:30030247:T:C	0|1	0|1	MATCH	MATCH
chr6:30030285:GCTA:G	0|1	0|1	MATCH	MATCH
chr6:30030483:C:T	1|0	1|0	MATCH	MATCH
chr6:30031408:C:A	1|0	1|0	MATCH	MATCH
chr6:30031451:A:G	0|1	0|1	MATCH	MATCH
chr6:30032165:G:A	0|1	0|1	MATCH	MATCH
chr6:30032384:G:A	0|1	0|1	MATCH	MATCH
chr6:30032420:A:T	0|1	0|1	MATCH	MATCH
chr6:30032946:C:T	0|1	0|1	MATCH	MATCH
chr6:30033196:T:G	0|1	0|1	MATCH	MATCH
chr6:30034173:G:A	1|0	1|0	MATCH	MATCH
chr6:30034396:T:C	1|0	1|0	MATCH	MATCH
chr6:30034446:GT:G	0|1	0|1	MATCH	MATCH
chr6:30035041:T:C	0|1	0|1	MATCH	MATCH
chr6:30036751:C:T	0|1	0|1	MATCH	MATCH
chr6:30036771:C:T	0|1	0|1	MATCH	MATCH
chr6:30036837:A:T	0|1	0|1	MATCH	MATCH
chr6:30036921:A:G	0|1	0|1	MATCH	MATCH
chr6:30037262:G:A	0|1	0|1	MATCH	MATCH
chr6:30037266:A:G	1|0	1|0	MATCH	MATCH
chr6:30037596:G:A	0|1	0|1	MATCH	MATCH
chr6:30037984:CAA:C	1|0	1|0	MATCH	MATCH
chr6:30038011:A:T	0|1	0|1	MATCH	MATCH
chr6:30038705:T:C	1|0	1|0	MATCH	MATCH
chr6:30038735:T:G	0|1	0|1	MATCH	MATCH
chr6:30039339:T:C	0|1	0|1	MATCH	MATCH
chr6:30039934:G:A	0|1	0|1	MATCH	MATCH
chr6:30040207:G:A	0|1	0|1	MATCH	MATCH
chr6:30041437:T:A	1|0	1|0	MATCH	MATCH
chr6:30041484:G:A	0|1	0|1	MATCH	MATCH
chr6:30041887:A:G	0|1	0|1	MATCH	MATCH
chr6:30043113:T:C	0|1	0|1	MATCH	MATCH
chr6:30043498:G:A	1|0	1|0	MATCH	MATCH
chr6:30043567:C:T	0|1	0|1	MATCH	MATCH
chr6:30043674:G:A	1|0	1|0	MATCH	MATCH
chr6:30044086:G:T	1|0	1|0	MATCH	MATCH
chr6:30044563:G:A	0|1	0|1	MATCH	MATCH
chr6:30044877:CTCTTTAAGTATGAAAT:C	1|0	1|0	MATCH	MATCH
chr6:30045616:C:CT	1|0	1|0	MATCH	MATCH
chr6:30045995:T:C	1|0	1|0	MATCH	MATCH
chr6:30046680:C:T	1|0	1|0	MATCH	MATCH
chr6:30046800:T:C	0|1	0|1	MATCH	MATCH
chr6:30046815:T:C	0|1	0|1	MATCH	MATCH
chr6:30046874:C:A	0|1	0|1	MATCH	MATCH
chr6:30047292:G:A	1|0	1|0	MATCH	MATCH
chr6:30047725:T:TA	1|0	1|0	MATCH	MATCH
chr6:30048230:G:T	0|1	0|1	MATCH	MATCH
chr6:30048520:A:C	0|1	0|1	MATCH	MATCH
chr6:30048796:A:G	1|0	1|0	MATCH	MATCH
chr6:30048917:A:C	1|0	1|0	MATCH	MATCH
chr6:30049551:C:T	0|1	0|1	MATCH	MATCH
chr6:30049852:T:A	1|0	1|0	MATCH	MATCH
chr6:30049855:AAT:A	0|1	0|1	MATCH	MATCH
chr6:30050247:T:TA	1|0	1|0	MATCH	MATCH
chr6:30050850:C:A	0|1	0|1	MATCH	MATCH
chr6:30050882:T:A	0|1	0|1	MATCH	MATCH
chr6:30051652:T:C	0|1	0|1	MATCH	MATCH
chr6:30051738:G:A	1|0	1|0	MATCH	MATCH
chr6:30051877:T:C	1|0	1|0	MATCH	MATCH
chr6:30052865:T:G	1|0	1|0	MATCH	MATCH
chr6:30053564:T:C	0|1	0|1	MATCH	MATCH
chr6:30053963:T:C	0|1	0|1	MATCH	MATCH
chr6:30054425:T:TA	1|0	1|0	MATCH	MATCH
chr6:30054538:A:G	0|1	0|1	MATCH	MATCH
chr6:30054648:G:A	1|0	1|0	MATCH	MATCH
chr6:30056972:C:G	1|0	1|0	MATCH	MATCH
chr6:30057433:T:C	1|0	1|0	MATCH	MATCH
chr6:30058573:T:C	1|0	1|0	MATCH	MATCH
chr6:30059032:TG:T	0|1	0|1	MATCH	MATCH
chr6:30060575:G:A	0|1	0|1	MATCH	MATCH
chr6:30060700:T:C	1|0	1|0	MATCH	MATCH
chr6:30060829:C:A	0|1	0|1	MATCH	MATCH
chr6:30061136:G:A	1|0	1|0	MATCH	MATCH
chr6:30061395:A:AG	1|0	1|0	MATCH	MATCH
chr6:30062280:G:A	1|0	1|0	MATCH	MATCH
chr6:30062358:G:A	1|0	1|0	MATCH	MATCH
chr6:30062864:G:A	1|0	1|0	MATCH	MATCH
chr6:30063150:A:ATT	1|0	1|0	MATCH	MATCH
chr6:30063282:C:T	1|0	1|0	MATCH	MATCH
chr6:30063729:G:A	0|1	0|1	MATCH	MATCH
chr6:30064096:G:T	0|1	0|1	MATCH	MATCH
chr6:30064320:AAAG:A	1|0	1|0	MATCH	MATCH
chr6:30064896:A:G	0|1	0|1	MATCH	MATCH
chr6:30065913:G:T	1|0	1|0	MATCH	MATCH
chr6:30066000:C:A	1|0	1|0	MATCH	MATCH
chr6:30066566:TGTTA:T	1|0	1|0	MATCH	MATCH
chr6:30067103:T:G	0|1	0|1	MATCH	MATCH
chr6:30068028:T:A	1|0	1|0	MATCH	MATCH
chr6:30068306:C:A	1|0	1|0	MATCH	MATCH
chr6:30068492:A:G	1|0	1|0	MATCH	MATCH
chr6:30068793:A:G	1|0	1|0	MATCH	MATCH
chr6:30069882:C:T	1|0	1|0	MATCH	MATCH
chr6:30070131:A:T	1|0	1|0	MATCH	MATCH
chr6:30070569:AC:A	0|1	0|1	MATCH	MATCH
chr6:30070589:AG:A	1|0	1|0	MATCH	MATCH
chr6:30071046:A:G	0|1	0|1	MATCH	MATCH
chr6:30071587:C:A	0|1	0|1	MATCH	MATCH
chr6:30071641:C:T	1|0	1|0	MATCH	MATCH
chr6:30071707:C:T	1|0	1|0	MATCH	MATCH
chr6:30071789:CTG:C	0|1	0|1	MATCH	MATCH
chr6:30071975:T:A	1|0	1|0	MATCH	MATCH
chr6:30071990:G:C	0|1	0|1	MATCH	MATCH
chr6:30072664:C:CCA	0|1	0|1	MATCH	MATCH
chr6:30073732:C:T	0|1	0|1	MATCH	MATCH
chr6:30074280:G:A	0|1	0|1	MATCH	MATCH
chr6:30074338:G:A	0|1	0|1	MATCH	MATCH
chr6:30074891:T:C	1|0	1|0	MATCH	MATCH
chr6:30075084:C:G	0|1	0|1	MATCH	MATCH
chr6:30075987:C:T	1|0	1|0	MATCH	MATCH
chr6:30076002:C:G	0|1	0|1	MATCH	MATCH
chr6:30076178:G:A	0|1	0|1	MATCH	MATCH
chr6:30076194:TTGA:T	1|0	1|0	MATCH	MATCH
chr6:30076472:G:T	0|1	0|1	MATCH	MATCH
chr6:30077137:G:A	1|0	1|0	MATCH	MATCH
chr6:30078228:G:A	0|1	0|1	MATCH	MATCH
chr6:30078234:C:T	0|1	0|1	MATCH	MATCH
chr6:30078599:A:G	0|1	0|1	MATCH	MATCH
chr6:30078652:G:T	0|1	0|1	MATCH	MATCH
chr6:30078763:T:C	1|0	1|0	MATCH	MATCH
chr6:30078905:C:T	0|1	0|1	MATCH	MATCH
chr6:30078975:C:A	1|0	1|0	MATCH	MATCH
chr6:30079206:A:T	1|0	1|0	MATCH	MATCH
chr6:30079726:G:T	1|0	1|0	MATCH	MATCH
chr6:30080060:G:A	1|0	1|0	MATCH	MATCH
chr6:30080528:A:T	1|0	1|0	MATCH	MATCH
chr6:30080868:G:A	1|0	1|0	MATCH	MATCH
chr6:30081723:T:G	1|0	1|0	MATCH	MATCH
chr6:30082102:T:C	1|0	1|0	MATCH	MATCH
chr6:30082210:G:A	0|1	0|1	MATCH	MATCH
chr6:30082236:A:G	1|0	1|0	MATCH	MATCH
chr6:30082444:A:G	1|0	1|0	MATCH	MATCH
chr6:30082552:G:A	1|0	1|0	MATCH	MATCH
chr6:30082616:C:A	1|0	1|0	MATCH	MATCH
chr6:30082622:AG:A	1|0	1|0	MATCH	MATCH
chr6:30082844:G:A	0|1	0|1	MATCH	MATCH
chr6:30082997:T:C	1|0	1|0	MATCH	MATCH
chr6:30083154:A:T	1|0	1|0	MATCH	MATCH
chr6:30083178:G:T	0|1	0|1	MATCH	MATCH
chr6:30084386:G:A	1|0	1|0	MATCH	MATCH
chr6:30085296:G:T	0|1	0|1	MATCH	MATCH
chr6:30085484:G:A	0|1	0|1	MATCH	MATCH
chr6:30085621:C:T	0|1	0|1	MATCH	MATCH
chr6:30086206:C:T	1|0	1|0	MATCH	MATCH
chr6:30086254:G:A	1|0	1|0	MATCH	MATCH
chr6:30086330:G:A	0|1	0|1	MATCH	MATCH
chr6:30086969:G:A	1|0	1|0	MATCH	MATCH
chr6:30087048:A:G	0|1	0|1	MATCH	MATCH
chr6:30087890:C:T	1|0	1|0	MATCH	MATCH
chr6:30088177:G:A	0|1	0|1	MATCH	MATCH
chr6:30088245:G:A	0|1	0|1	MATCH	MATCH
chr6:30088246:A:G	0|1	0|1	MATCH	MATCH
chr6:30088400:A:G	1|0	1|0	MATCH	MATCH
chr6:30089132:G:T	0|1	0|1	MATCH	MATCH
chr6:30089208:A:G	1|0	1|0	MATCH	MATCH
chr6:30089898:C:T	1|0	1|0	MATCH	MATCH
chr6:30090204:T:C	0|1	0|1	MATCH	MATCH
chr6:30090223:T:A	0|1	0|1	MATCH	MATCH
chr6:30090275:T:A	0|1	0|1	MATCH	MATCH
chr6:30090464:T:A	1|0	1|0	MATCH	MATCH
chr6:30090480:C:T	0|1	0|1	MATCH	MATCH
chr6:30090828:G:A	1|0	1|0	MATCH	MATCH
chr6:30091000:A:G	0|1	0|1	MATCH	MATCH
chr6:30091278:C:G	1|0	1|0	MATCH	MATCH
chr6:30091496:T:C	1|0	1|0	MATCH	MATCH
chr6:30091674:A:G	1|0	1|0	MATCH	MATCH
chr6:30091839:G:A	0|1	0|1	MATCH	MATCH
chr6:30092042:T:C	1|0	1|0	MATCH	MATCH
chr6:30092111:C:T	1|0	1|0	MATCH	MATCH
chr6:30092159:A:ACATGG	0|1	0|1	MATCH	MATCH
chr6:30092225:G:A	1|0	1|0	MATCH	MATCH
chr6:30092244:G:A	0|1	0|1	MATCH	MATCH
chr6:30092477:C:T	1|0	1|0	MATCH	MATCH
chr6:30092478:G:T	1|0	1|0	MATCH	MATCH
chr6:30092587:G:A	0|1	0|1	MATCH	MATCH
chr6:30092648:T:C	1|0	1|0	MATCH	MATCH
chr6:30092659:A:C	1|0	1|0	MATCH	MATCH
chr6:30092695:A:C	1|0	1|0	MATCH	MATCH
chr6:30093006:C:A	0|1	0|1	MATCH	MATCH
chr6:30093175:G:A	0|1	0|1	MATCH	MATCH
chr6:30093233:C:T	0|1	0|1	MATCH	MATCH
chr6:30093260:G:A	0|1	0|1	MATCH	MATCH
chr6:30093261:C:A	0|1	0|1	MATCH	MATCH
chr6:30093270:CA:C	1|0	1|0	MATCH	MATCH
chr6:30093277:C:T	0|1	0|1	MATCH	MATCH
chr6:30093303:G:C	0|1	0|1	MATCH	MATCH
chr6:30093425:G:A	0|1	0|1	MATCH	MATCH
chr6:30093516:G:A	1|0	1|0	MATCH	MATCH
chr6:30094133:G:A	0|1	0|1	MATCH	MATCH
chr6:30094281:G:A	1|0	1|0	MATCH	MATCH
chr6:30094356:T:A	1|0	1|0	MATCH	MATCH
chr6:30094568:A:T	0|1	0|1	MATCH	MATCH
chr6:30094873:G:A	0|1	0|1	MATCH	MATCH
chr6:30094883:TACAC:T	0|1	0|1	MATCH	MATCH
chr6:30095196:G:C	0|1	0|1	MATCH	MATCH
chr6:30095309:C:T	0|1	0|1	MATCH	MATCH
chr6:30095651:C:G	0|1	0|1	MATCH	MATCH
chr6:30095719:C:A	0|1	0|1	MATCH	MATCH
chr6:30095883:T:G	0|1	0|1	MATCH	MATCH
chr6:30095956:C:T	0|1	0|1	MATCH	MATCH
chr6:30096352:A:G	0|1	0|1	MATCH	MATCH
chr6:30097072:A:ACACT	0|1	0|1	MATCH	MATCH
chr6:30097363:A:G	0|1	0|1	MATCH	MATCH
chr6:30097372:A:G	0|1	0|1	MATCH	MATCH
chr6:30097542:G:A	1|0	1|0	MATCH	MATCH
chr6:30097798:T:C	0|1	0|1	MATCH	MATCH
chr6:30098254:A:G	0|1	0|1	MATCH	MATCH
chr6:30098320:G:A	0|1	0|1	MATCH	MATCH
chr6:30098854:A:G	0|1	0|1	MATCH	MATCH
chr6:30098882:C:T	0|1	0|1	MATCH	MATCH
chr6:30098936:C:T	0|1	0|1	MATCH	MATCH
chr6:30098937:A:G	0|1	0|1	MATCH	MATCH
chr6:30099400:A:C	0|1	0|1	MATCH	MATCH
chr6:30099791:C:G	0|1	0|1	MATCH	MATCH
chr6:30100057:G:A	0|1	0|1	MATCH	MATCH
chr6:30100115:A:G	0|1	0|1	MATCH	MATCH
chr6:30100947:C:A	0|1	0|1	MATCH	MATCH
chr6:30102018:A:C	0|1	0|1	MATCH	MATCH
chr6:30102045:T:C	0|1	0|1	MATCH	MATCH
chr6:30102180:G:A	0|1	0|1	MATCH	MATCH
chr6:30102401:T:C	0|1	0|1	MATCH	MATCH
chr6:30102569:A:C	0|1	0|1	MATCH	MATCH
chr6:30102761:G:GT	0|1	0|1	MATCH	MATCH
chr6:30103155:C:G	0|1	0|1	MATCH	MATCH
chr6:30103160:C:T	0|1	0|1	MATCH	MATCH
chr6:30103502:T:G	0|1	0|1	MATCH	MATCH
chr6:30103553:C:T	0|1	0|1	MATCH	MATCH
chr6:30104734:G:A	0|1	0|1	MATCH	MATCH
chr6:30104848:C:G	1|0	1|0	MATCH	MATCH
chr6:30105473:T:C	0|1	0|1	MATCH	MATCH
chr6:30105999:G:A	0|1	0|1	MATCH	MATCH
chr6:30106070:C:T	1|0	1|0	MATCH	MATCH
chr6:30106952:T:C	1|0	1|0	MATCH	MATCH
chr6:30107014:C:T	0|1	0|1	MATCH	MATCH
chr6:30107328:C:T	0|1	0|1	MATCH	MATCH
chr6:30107912:A:G	0|1	0|1	MATCH	MATCH
chr6:30108026:A:C	0|1	0|1	MATCH	MATCH
chr6:30108853:G:T	0|1	0|1	MATCH	MATCH
chr6:30109452:A:G	1|0	1|0	MATCH	MATCH
chr6:30110488:A:G	1|0	1|0	MATCH	MATCH
chr6:30110498:C:T	1|0	1|0	MATCH	MATCH
chr6:30110978:G:A	1|0	1|0	MATCH	MATCH
chr6:30111115:C:G	1|0	1|0	MATCH	MATCH
chr6:30111530:C:A	1|0	1|0	MATCH	MATCH
chr6:30111822:G:A	1|0	1|0	MATCH	MATCH
chr6:30112427:T:C	1|0	1|0	MATCH	MATCH
chr6:30112497:G:A	1|0	1|0	MATCH	MATCH
chr6:30112503:C:T	1|0	1|0	MATCH	MATCH
chr6:30112592:G:A	1|0	1|0	MATCH	MATCH
chr6:30112756:G:C	1|0	1|0	MATCH	MATCH
chr6:30112841:G:A	1|0	1|0	MATCH	MATCH
chr6:30112866:G:A	0|1	0|1	MATCH	MATCH
chr6:30113331:T:C	0|1	0|1	MATCH	MATCH
chr6:30113533:G:A	1|0	1|0	MATCH	MATCH
chr6:30113557:T:C	1|0	1|0	MATCH	MATCH
chr6:30113756:C:T	1|0	1|0	MATCH	MATCH
chr6:30114226:C:T	1|0	1|0	MATCH	MATCH
chr6:30114591:A:G	1|0	1|0	MATCH	MATCH
chr6:30114592:T:C	1|0	1|0	MATCH	MATCH
chr6:30114911:G:C	1|0	1|0	MATCH	MATCH
chr6:30115140:G:C	1|0	1|0	MATCH	MATCH
chr6:30115151:C:T	1|0	1|0	MATCH	MATCH
chr6:30115353:A:G	1|0	1|0	MATCH	MATCH
chr6:30115741:T:C	1|0	1|0	MATCH	MATCH
chr6:30115808:G:T	1|0	1|0	MATCH	MATCH
chr6:30116191:A:AT	1|0	1|0	MATCH	MATCH
chr6:30118092:A:C	1|0	1|0	MATCH	MATCH
chr6:30118855:C:CCTTT	1|0	1|0	MATCH	MATCH
chr6:30119031:G:A	1|0	1|0	MATCH	MATCH
chr6:30119083:C:T	1|0	1|0	MATCH	MATCH
chr6:30119134:C:T	1|0	1|0	MATCH	MATCH
chr6:30119658:C:G	0|1	0|1	MATCH	MATCH
chr6:30119828:C:T	1|0	1|0	MATCH	MATCH
chr6:30120045:G:C	1|0	1|0	MATCH	MATCH
chr6:30120379:C:T	1|0	1|0	MATCH	MATCH
chr6:30120444:T:C	1|0	1|0	MATCH	MATCH
chr6:30120609:A:G	1|0	1|0	MATCH	MATCH
chr6:30120664:T:C	1|0	1|0	MATCH	MATCH
chr6:30120722:GAGAGAAA:G	1|0	1|0	MATCH	MATCH
chr6:30120832:G:A	1|0	1|0	MATCH	MATCH
chr6:30121231:G:A	1|0	1|0	MATCH	MATCH
chr6:30121338:C:T	1|0	1|0	MATCH	MATCH
chr6:30121344:G:A	1|0	1|0	MATCH	MATCH
chr6:30121477:A:G	1|0	1|0	MATCH	MATCH
chr6:30121902:C:T	0|1	0|1	MATCH	MATCH
chr6:30122029:G:A	1|0	1|0	MATCH	MATCH
chr6:30122250:G:A	1|0	1|0	MATCH	MATCH
chr6:30122305:T:TA	1|0	1|0	MATCH	MATCH
chr6:30122467:G:A	1|0	1|0	MATCH	MATCH
chr6:30122489:T:A	1|0	1|0	MATCH	MATCH
chr6:30122640:G:A	1|0	1|0	MATCH	MATCH
chr6:30122755:C:A	1|0	1|0	MATCH	MATCH
chr6:30122785:T:G	1|0	1|0	MATCH	MATCH
chr6:30122925:A:G	1|0	1|0	MATCH	MATCH
chr6:30122966:C:T	1|0	1|0	MATCH	MATCH
chr6:30123043:T:C	1|0	1|0	MATCH	MATCH
chr6:30123131:C:T	1|0	1|0	MATCH	MATCH
chr6:30123324:G:A	1|0	1|0	MATCH	MATCH
chr6:30123359:C:G	1|0	1|0	MATCH	MATCH
chr6:30123373:C:T	0|1	0|1	MATCH	MATCH
chr6:30123463:A:T	1|0	1|0	MATCH	MATCH
chr6:30123490:A:T	1|0	1|0	MATCH	MATCH
chr6:30123577:T:A	1|0	1|0	MATCH	MATCH
chr6:30123627:G:A	1|0	1|0	MATCH	MATCH
chr6:30123712:AG:A	1|0	1|0	MATCH	MATCH
chr6:30123846:T:C	1|0	1|0	MATCH	MATCH
chr6:30124080:A:G	1|0	1|0	MATCH	MATCH
chr6:30124193:A:G	1|0	1|0	MATCH	MATCH
chr6:30124228:T:C	1|0	1|0	MATCH	MATCH
chr6:30124265:T:C	1|0	1|0	MATCH	MATCH
chr6:30124339:G:A	1|0	1|0	MATCH	MATCH
chr6:30124342:T:G	0|1	0|1	MATCH	MATCH
chr6:30124347:G:A	1|0	1|0	MATCH	MATCH
chr6:30124484:G:A	1|0	1|0	MATCH	MATCH
chr6:30124531:T:A	1|0	1|0	MATCH	MATCH
chr6:30124680:T:C	1|0	1|0	MATCH	MATCH
chr6:30124697:G:A	1|0	1|0	MATCH	MATCH
chr6:30124767:A:AAAAATGG	1|0	1|0	MATCH	MATCH
chr6:30124826:G:T	1|0	1|0	MATCH	MATCH
chr6:30124839:G:A	1|0	1|0	MATCH	MATCH
chr6:30124954:T:C	1|0	1|0	MATCH	MATCH
chr6:30124960:C:T	1|0	1|0	MATCH	MATCH
chr6:30125331:A:G	1|0	1|0	MATCH	MATCH
chr6:30125360:C:T	1|0	1|0	MATCH	MATCH
chr6:30125468:T:C	1|0	1|0	MATCH	MATCH
chr6:30125473:A:C	1|0	1|0	MATCH	MATCH
chr6:30125474:A:C	1|0	1|0	MATCH	MATCH
chr6:30125488:C:T	1|0	1|0	MATCH	MATCH
chr6:30125573:T:C	1|0	1|0	MATCH	MATCH
chr6:30125648:T:TTTTTC	1|0	1|0	MATCH	MATCH
chr6:30125689:G:A	1|0	1|0	MATCH	MATCH
chr6:30125712:A:G	1|0	1|0	MATCH	MATCH
chr6:30125754:C:T	1|0	1|0	MATCH	MATCH
chr6:30125877:T:A	1|0	1|0	MATCH	MATCH
chr6:30125925:G:A	1|0	1|0	MATCH	MATCH
chr6:30126076:C:A	1|0	1|0	MATCH	MATCH
chr6:30126104:A:G	1|0	1|0	MATCH	MATCH
chr6:30126155:C:G	1|0	1|0	MATCH	MATCH
chr6:30126189:T:C	1|0	1|0	MATCH	MATCH
chr6:30126428:T:C	1|0	1|0	MATCH	MATCH
chr6:30126538:A:G	1|0	1|0	MATCH	MATCH
chr6:30126813:G:T	1|0	1|0	MATCH	MATCH
chr6:30127079:T:C	0|1	0|1	MATCH	MATCH
chr6:30127255:G:A	1|0	1|0	MATCH	MATCH
chr6:30127269:G:A	1|0	1|0	MATCH	MATCH
chr6:30127281:A:G	1|0	1|0	MATCH	MATCH
chr6:30127425:T:C	1|0	1|0	MATCH	MATCH
chr6:30127740:C:G	1|0	1|0	MATCH	MATCH
chr6:30127886:C:A	1|0	1|0	MATCH	MATCH
chr6:30128221:T:C	1|0	1|0	MATCH	MATCH
chr6:30128228:C:T	1|0	1|0	MATCH	MATCH
chr6:30128567:C:A	1|0	1|0	MATCH	MATCH
chr6:30128804:G:C	1|0	1|0	MATCH	MATCH
chr6:30128995:G:T	1|0	1|0	MATCH	MATCH
chr6:30129150:C:T	1|0	1|0	MATCH	MATCH
chr6:30129239:T:A	1|0	1|0	MATCH	MATCH
chr6:30129303:A:T	1|0	1|0	MATCH	MATCH
chr6:30129599:C:A	1|0	1|0	MATCH	MATCH
chr6:30129712:C:T	1|0	1|0	MATCH	MATCH
chr6:30129822:C:A	1|0	1|0	MATCH	MATCH
chr6:30129985:T:G	1|0	1|0	MATCH	MATCH
chr6:30130041:A:G	1|0	1|0	MATCH	MATCH
chr6:30130060:TC:T	1|0	1|0	MATCH	MATCH
chr6:30130143:T:G	1|0	1|0	MATCH	MATCH
chr6:30130358:C:G	1|0	1|0	MATCH	MATCH
chr6:30130471:C:T	1|0	1|0	MATCH	MATCH
chr6:30130482:C:CTGAGTA	1|0	1|0	MATCH	MATCH
chr6:30130546:C:T	1|0	1|0	MATCH	MATCH
chr6:30130795:T:G	1|0	1|0	MATCH	MATCH
chr6:30130799:A:G	1|0	1|0	MATCH	MATCH
chr6:30131038:G:A	1|0	1|0	MATCH	MATCH
chr6:30131117:C:T	0|1	0|1	MATCH	MATCH
chr6:30131159:A:G	0|1	0|1	MATCH	MATCH
chr6:30131433:T:C	1|0	1|0	MATCH	MATCH
chr6:30131561:G:A	1|0	1|0	MATCH	MATCH
chr6:30131892:C:A	1|0	1|0	MATCH	MATCH
chr6:30132171:A:G	1|0	1|0	MATCH	MATCH
chr6:30132219:T:G	1|0	1|0	MATCH	MATCH
chr6:30132414:G:A	1|0	1|0	MATCH	MATCH
chr6:30132702:A:ATG	1|0	1|0	MATCH	MATCH
chr6:30132717:C:T	1|0	1|0	MATCH	MATCH
chr6:30132960:T:C	1|0	1|0	MATCH	MATCH
chr6:30132966:A:G	0|1	0|1	MATCH	MATCH
chr6:30134173:T:G	1|0	1|0	MATCH	MATCH
chr6:30134464:C:G	1|0	1|0	MATCH	MATCH
chr6:30135145:G:A	1|0	1|0	MATCH	MATCH
chr6:30135146:G:T	1|0	1|0	MATCH	MATCH
chr6:30135794:A:G	1|0	1|0	MATCH	MATCH
chr6:30136198:C:T	1|0	1|0	MATCH	MATCH
chr6:30136291:G:A	1|0	1|0	MATCH	MATCH
chr6:30136301:T:C	1|0	1|0	MATCH	MATCH
chr6:30136357:C:T	1|0	1|0	MATCH	MATCH
chr6:30136373:A:G	1|0	1|0	MATCH	MATCH
chr6:30136526:C:T	1|0	1|0	MATCH	MATCH
chr6:30136764:C:T	1|0	1|0	MATCH	MATCH
chr6:30136972:C:A	1|0	1|0	MATCH	MATCH
chr6:30136976:C:T	1|0	1|0	MATCH	MATCH
chr6:30136977:C:T	1|0	1|0	MATCH	MATCH
chr6:30137195:C:T	1|0	1|0	MATCH	MATCH
chr6:30137219:T:C	1|0	1|0	MATCH	MATCH
chr6:30137336:G:C	1|0	1|0	MATCH	MATCH
chr6:30137430:G:A	1|0	1|0	MATCH	MATCH
chr6:30137432:T:A	0|1	0|1	MATCH	MATCH
chr6:30137486:T:C	1|0	1|0	MATCH	MATCH
chr6:30137595:G:A	1|0	1|0	MATCH	MATCH
chr6:30137614:T:C	1|0	1|0	MATCH	MATCH
chr6:30137642:T:G	1|0	1|0	MATCH	MATCH
chr6:30137799:A:T	1|0	1|0	MATCH	MATCH
chr6:30137810:CTTTT:C	1|0	1|0	MATCH	MATCH
chr6:30138127:C:T	1|0	1|0	MATCH	MATCH
chr6:30138139:C:T	1|0	1|0	MATCH	MATCH
chr6:30138147:G:A	1|0	1|0	MATCH	MATCH
chr6:30138200:G:C	1|0	1|0	MATCH	MATCH
chr6:30138215:A:G	1|0	1|0	MATCH	MATCH
chr6:30138254:C:T	1|0	1|0	MATCH	MATCH
chr6:30138271:T:G	1|0	1|0	MATCH	MATCH
chr6:30138425:G:A	1|0	1|0	MATCH	MATCH
chr6:30138443:T:C	1|0	1|0	MATCH	MATCH
chr6:30138477:T:C	1|0	1|0	MATCH	MATCH
chr6:30138643:C:T	1|0	1|0	MATCH	MATCH
chr6:30138657:T:C	1|0	1|0	MATCH	MATCH
chr6:30138723:G:C	1|0	1|0	MATCH	MATCH
chr6:30139203:G:A	1|0	1|0	MATCH	MATCH
chr6:30139532:A:G	1|0	1|0	MATCH	MATCH
chr6:30139837:C:T	1|0	1|0	MATCH	MATCH
chr6:30139985:G:A	1|0	1|0	MATCH	MATCH
chr6:30140270:C:T	1|0	1|0	MATCH	MATCH
chr6:30140271:G:T	1|0	1|0	MATCH	MATCH
chr6:30140373:T:C	1|0	1|0	MATCH	MATCH
chr6:30140425:G:A	0|1	0|1	MATCH	MATCH
chr6:30140559:A:G	1|0	1|0	MATCH	MATCH
chr6:30140615:C:T	0|1	0|1	MATCH	MATCH
chr6:30140691:C:A	1|0	1|0	MATCH	MATCH
chr6:30140767:A:T	1|0	1|0	MATCH	MATCH
chr6:30140878:G:A	1|0	1|0	MATCH	MATCH
chr6:30140906:C:T	1|0	1|0	MATCH	MATCH
chr6:30140974:G:A	1|0	1|0	MATCH	MATCH
chr6:30141003:C:T	1|0	1|0	MATCH	MATCH
chr6:30141395:GA:G	1|0	1|0	MATCH	MATCH
chr6:30141416:G:A	0|1	0|1	MATCH	MATCH
chr6:30142054:T:C	1|0	1|0	MATCH	MATCH
chr6:30142080:C:A	1|0	1|0	MATCH	MATCH
chr6:30142084:A:C	1|0	1|0	MATCH	MATCH
chr6:30142281:G:A	1|0	1|0	MATCH	MATCH
chr6:30142335:A:G	1|0	1|0	MATCH	MATCH
chr6:30142437:G:A	1|0	1|0	MATCH	MATCH
chr6:30142464:A:G	1|0	1|0	MATCH	MATCH
chr6:30142560:C:A	1|0	1|0	MATCH	MATCH
chr6:30143014:A:G	1|0	1|0	MATCH	MATCH
chr6:30143104:TTTAG:T	1|0	1|0	MATCH	MATCH
chr6:30143237:C:T	1|0	1|0	MATCH	MATCH
chr6:30143260:T:C	1|0	1|0	MATCH	MATCH
chr6:30143319:A:T	1|0	1|0	MATCH	MATCH
chr6:30143344:C:G	1|0	1|0	MATCH	MATCH
chr6:30143574:C:T	1|0	1|0	MATCH	MATCH
chr6:30143660:A:G	1|0	1|0	MATCH	MATCH
chr6:30143749:C:T	1|0	1|0	MATCH	MATCH
chr6:30143833:A:T	1|0	1|0	MATCH	MATCH
chr6:30144086:G:A	1|0	1|0	MATCH	MATCH
chr6:30144109:C:CAG	1|0	1|0	MATCH	MATCH
chr6:30144155:C:T	1|0	1|0	MATCH	MATCH
chr6:30144631:A:G	1|0	1|0	MATCH	MATCH
chr6:30144850:G:A	1|0	1|0	MATCH	MATCH
chr6:30144927:T:C	1|0	1|0	MATCH	MATCH
chr6:30145129:T:C	1|0	1|0	MATCH	MATCH
chr6:30145202:A:AT	1|0	1|0	MATCH	MATCH
chr6:30145567:C:T	1|0	1|0	MATCH	MATCH
chr6:30145640:C:T	1|0	1|0	MATCH	MATCH
chr6:30145650:C:A	1|0	1|0	MATCH	MATCH
chr6:30145694:G:A	1|0	1|0	MATCH	MATCH
chr6:30146178:A:G	1|0	1|0	MATCH	MATCH
chr6:30146324:G:A	1|0	1|0	MATCH	MATCH
chr6:30146588:A:T	1|0	1|0	MATCH	MATCH
chr6:30146625:A:T	0|1	0|1	MATCH	MATCH
chr6:30146720:C:T	1|0	1|0	MATCH	MATCH
chr6:30146846:T:A	1|0	1|0	MATCH	MATCH
chr6:30146889:C:T	1|0	1|0	MATCH	MATCH
chr6:30147178:C:T	1|0	1|0	MATCH	MATCH
chr6:30147707:A:G	1|0	1|0	MATCH	MATCH
chr6:30147765:G:A	1|0	1|0	MATCH	MATCH
chr6:30147996:C:T	1|0	1|0	MATCH	MATCH
chr6:30148188:C:T	1|0	1|0	MATCH	MATCH
chr6:30148301:A:G	1|0	1|0	MATCH	MATCH
chr6:30148383:G:C	1|0	1|0	MATCH	MATCH
chr6:30148564:C:T	1|0	1|0	MATCH	MATCH
chr6:30148760:G:A	1|0	1|0	MATCH	MATCH
chr6:30148884:G:A	1|0	1|0	MATCH	MATCH
chr6:30149025:C:T	1|0	1|0	MATCH	MATCH
chr6:30149208:G:A	1|0	1|0	MATCH	MATCH
chr6:30149324:T:C	1|0	1|0	MATCH	MATCH
chr6:30149996:C:T	1|0	1|0	MATCH	MATCH
chr6:30150004:T:C	1|0	1|0	MATCH	MATCH
chr6:30150136:C:A	1|0	1|0	MATCH	MATCH
chr6:30150144:T:A	1|0	1|0	MATCH	MATCH
chr6:30150548:G:A	1|0	1|0	MATCH	MATCH
chr6:30150583:C:T	1|0	1|0	MATCH	MATCH
chr6:30150712:T:C	1|0	1|0	MATCH	MATCH
chr6:30150860:A:G	1|0	1|0	MATCH	MATCH
chr6:30151299:C:T	0|1	0|1	MATCH	MATCH
chr6:30151498:G:A	1|0	1|0	MATCH	MATCH
chr6:30151615:G:A	1|0	1|0	MATCH	MATCH
chr6:30151652:T:G	1|0	1|0	MATCH	MATCH
chr6:30152341:C:CAG	1|0	1|0	MATCH	MATCH
chr6:30152357:T:C	1|0	1|0	MATCH	MATCH
chr6:30152387:G:C	1|0	1|0	MATCH	MATCH
chr6:30152491:C:T	1|0	1|0	MATCH	MATCH
chr6:30152673:G:T	1|0	1|0	MATCH	MATCH
chr6:30152679:A:AT	1|0	1|0	MATCH	MATCH
chr6:30152856:T:G	1|0	1|0	MATCH	MATCH
chr6:30153135:C:T	1|0	1|0	MATCH	MATCH
chr6:30153168:T:G	1|0	1|0	MATCH	MATCH
chr6:30153289:C:T	1|0	1|0	MATCH	MATCH
chr6:30153319:C:T	1|0	1|0	MATCH	MATCH
chr6:30153408:G:A	1|0	1|0	MATCH	MATCH
chr6:30153481:T:C	1|0	1|0	MATCH	MATCH
chr6:30153683:C:T	1|0	1|0	MATCH	MATCH
chr6:30153834:C:T	1|0	1|0	MATCH	MATCH
chr6:30154616:G:A	1|0	1|0	MATCH	MATCH
chr6:30154793:G:A	1|0	1|0	MATCH	MATCH
chr6:30154816:C:T	1|0	1|0	MATCH	MATCH
chr6:30154880:C:G	1|0	1|0	MATCH	MATCH
chr6:30155115:A:C	0|1	0|1	MATCH	MATCH
chr6:30155140:T:C	1|0	1|0	MATCH	MATCH
chr6:30155272:A:G	1|0	1|0	MATCH	MATCH
chr6:30155312:C:CA	1|0	1|0	MATCH	MATCH
chr6:30155966:G:A	0|1	0|1	MATCH	MATCH
chr6:30156068:A:T	1|0	1|0	MATCH	MATCH
chr6:30156135:G:A	1|0	1|0	MATCH	MATCH
chr6:30156494:CAGAA:C	1|0	1|0	MATCH	MATCH
chr6:30156688:A:G	1|0	1|0	MATCH	MATCH
chr6:30156735:G:A	1|0	1|0	MATCH	MATCH
chr6:30156854:C:T	1|0	1|0	MATCH	MATCH
chr6:30156890:C:T	1|0	1|0	MATCH	MATCH
chr6:30156920:A:T	1|0	1|0	MATCH	MATCH
chr6:30157102:T:C	1|0	1|0	MATCH	MATCH
chr6:30157208:C:T	1|0	1|0	MATCH	MATCH
chr6:30157566:T:G	1|0	1|0	MATCH	MATCH
chr6:30157567:A:C	1|0	1|0	MATCH	MATCH
chr6:30157817:T:C	1|0	1|0	MATCH	MATCH
chr6:30157863:G:A	1|0	1|0	MATCH	MATCH
chr6:30157989:C:T	1|0	1|0	MATCH	MATCH
chr6:30158400:G:A	1|0	1|0	MATCH	MATCH
chr6:30158508:C:T	1|0	1|0	MATCH	MATCH
chr6:30158526:T:A	1|0	1|0	MATCH	MATCH
chr6:30158647:A:G	1|0	1|0	MATCH	MATCH
chr6:30158760:A:G	1|0	1|0	MATCH	MATCH
chr6:30158845:G:T	1|0	1|0	MATCH	MATCH
chr6:30159435:T:C	1|0	1|0	MATCH	MATCH
chr6:30159511:T:C	1|0	1|0	MATCH	MATCH
chr6:30160445:T:C	1|0	1|0	MATCH	MATCH
chr6:30162679:A:G	1|0	1|0	MATCH	MATCH
chr6:30163443:G:T	0|1	0|1	MATCH	MATCH
chr6:30163726:T:C	1|0	1|0	MATCH	MATCH
chr6:30163769:A:G	1|0	1|0	MATCH	MATCH
chr6:30164677:G:C	1|0	1|0	MATCH	MATCH
chr6:30164805:A:G	1|0	1|0	MATCH	MATCH
chr6:30164848:G:A	1|0	1|0	MATCH	MATCH
chr6:30165050:T:C	1|0	1|0	MATCH	MATCH
chr6:30165070:G:C	1|0	1|0	MATCH	MATCH
chr6:30165433:A:T	1|0	1|0	MATCH	MATCH
chr6:30165672:T:C	1|0	1|0	MATCH	MATCH
chr6:30165736:T:C	1|0	1|0	MATCH	MATCH
chr6:30166114:A:C	1|0	1|0	MATCH	MATCH
chr6:30166136:T:G	1|0	1|0	MATCH	MATCH
chr6:30166663:G:A	1|0	1|0	MATCH	MATCH
chr6:30166759:C:T	1|0	1|0	MATCH	MATCH
chr6:30167210:C:T	1|0	1|0	MATCH	MATCH
chr6:30167291:C:T	1|0	1|0	MATCH	MATCH
chr6:30167465:C:A	1|0	1|0	MATCH	MATCH
chr6:30168200:G:A	1|0	1|0	MATCH	MATCH
chr6:30168706:G:C	1|0	1|0	MATCH	MATCH
chr6:30169152:T:C	1|0	1|0	MATCH	MATCH
chr6:30169334:T:C	1|0	1|0	MATCH	MATCH
chr6:30169432:G:A	0|1	0|1	MATCH	MATCH
chr6:30169435:C:T	1|0	1|0	MATCH	MATCH
chr6:30169610:G:A	0|1	0|1	MATCH	MATCH
chr6:30169751:T:A	1|0	1|0	MATCH	MATCH
chr6:30169812:T:G	1|0	1|0	MATCH	MATCH
chr6:30169845:A:C	1|0	1|0	MATCH	MATCH
chr6:30169848:G:C	1|0	1|0	MATCH	MATCH
chr6:30170088:T:A	1|0	1|0	MATCH	MATCH
chr6:30170385:C:G	0|1	0|1	MATCH	MATCH
chr6:30171922:G:A	1|0	1|0	MATCH	MATCH
chr6:30174681:G:A	0|1	0|1	MATCH	MATCH
chr6:30176525:C:A	1|0	1|0	MATCH	MATCH
chr6:30177306:G:A	0|1	0|1	MATCH	MATCH
chr6:30177963:C:A	0|1	0|1	MATCH	MATCH
chr6:30178675:G:A	0|1	0|1	MATCH	MATCH
chr6:30178873:A:G	0|1	0|1	MATCH	MATCH
chr6:30178959:A:G	1|0	1|0	MATCH	MATCH
chr6:30179453:T:G	0|1	0|1	MATCH	MATCH
chr6:30179579:G:T	0|1	0|1	MATCH	MATCH
chr6:30180684:G:C	0|1	0|1	MATCH	MATCH
chr6:30183366:G:A	0|1	0|1	MATCH	MATCH
chr6:30183429:C:A	1|0	1|0	MATCH	MATCH
chr6:30186422:T:C	0|1	0|1	MATCH	MATCH
chr6:30187354:A:G	0|1	0|1	MATCH	MATCH
chr6:30187372:G:C	0|1	0|1	MATCH	MATCH
chr6:30187536:C:T	0|1	0|1	MATCH	MATCH
chr6:30187990:C:T	0|1	0|1	MATCH	MATCH
chr6:30188016:G:A	1|0	1|0	MATCH	MATCH
chr6:30188323:T:C	1|0	1|0	MATCH	MATCH
chr6:30189822:C:CT	0|1	0|1	MATCH	MATCH
chr6:30189877:G:A	0|1	0|1	MATCH	MATCH
chr6:30190350:G:A	0|1	0|1	MATCH	MATCH
chr6:30191262:C:G	0|1	0|1	MATCH	MATCH
chr6:30192077:A:C	0|1	0|1	MATCH	MATCH
chr6:30192437:T:C	1|0	1|0	MATCH	MATCH
chr6:30193428:T:C	0|1	0|1	MATCH	MATCH
chr6:30193732:C:T	0|1	0|1	MATCH	MATCH
chr6:30194728:G:A	0|1	0|1	MATCH	MATCH
chr6:30196178:G:A	0|1	0|1	MATCH	MATCH
chr6:30197496:C:T	0|1	0|1	MATCH	MATCH
chr6:30197706:T:A	1|0	1|0	MATCH	MATCH
chr6:30197885:G:A	0|1	0|1	MATCH	MATCH
chr6:30198489:C:T	0|1	0|1	MATCH	MATCH
chr6:30199109:C:T	0|1	0|1	MATCH	MATCH
chr6:30200058:C:T	0|1	0|1	MATCH	MATCH
chr6:30200419:C:T	1|0	1|0	MATCH	MATCH
chr6:30200542:G:T	0|1	0|1	MATCH	MATCH
chr6:30201315:A:G	0|1	0|1	MATCH	MATCH
chr6:30201550:A:G	0|1	0|1	MATCH	MATCH
chr6:30201698:T:C	0|1	0|1	MATCH	MATCH
chr6:30202155:GA:G	0|1	0|1	MATCH	MATCH
chr6:30202493:A:T	1|0	1|0	MATCH	MATCH
chr6:30202503:A:G	0|1	0|1	MATCH	MATCH
chr6:30202510:A:G	0|1	0|1	MATCH	MATCH
chr6:30202733:T:C	0|1	0|1	MATCH	MATCH
chr6:30202748:C:T	0|1	0|1	MATCH	MATCH
chr6:30203129:G:T	0|1	0|1	MATCH	MATCH
chr6:30203193:A:G	0|1	0|1	MATCH	MATCH
chr6:30203507:C:T	0|1	0|1	MATCH	MATCH
chr6:30203592:G:T	0|1	0|1	MATCH	MATCH
chr6:30203640:C:T	0|1	0|1	MATCH	MATCH
chr6:30204050:T:C	0|1	0|1	MATCH	MATCH
chr6:30204488:T:C	0|1	0|1	MATCH	MATCH
chr6:30204736:A:C	0|1	0|1	MATCH	MATCH
chr6:30205553:G:A	0|1	0|1	MATCH	MATCH
chr6:30206354:C:T	0|1	0|1	MATCH	MATCH
chr6:30206651:A:T	0|1	0|1	MATCH	MATCH
chr6:30206700:C:T	0|1	0|1	MATCH	MATCH
chr6:30206856:C:A	0|1	0|1	MATCH	MATCH
chr6:30208070:A:C	0|1	0|1	MATCH	MATCH
chr6:30210083:T:C	0|1	0|1	MATCH	MATCH
chr6:30210140:G:C	0|1	0|1	MATCH	MATCH
chr6:30210162:G:A	0|1	0|1	MATCH	MATCH
chr6:30210510:C:T	0|1	0|1	MATCH	MATCH
chr6:30210673:TAA:T	1|0	1|0	MATCH	MATCH
chr6:30210724:A:AATAACT	0|1	0|1	MATCH	MATCH
chr6:30211249:A:C	0|1	0|1	MATCH	MATCH
chr6:30211375:T:C	0|1	0|1	MATCH	MATCH
chr6:30211856:G:GA	0|1	0|1	MATCH	MATCH
chr6:30212469:T:C	0|1	0|1	MATCH	MATCH
chr6:30213340:A:G	0|1	0|1	MATCH	MATCH
chr6:30213498:A:G	0|1	0|1	MATCH	MATCH
chr6:30213790:T:TC	0|1	0|1	MATCH	MATCH
chr6:30214106:G:A	0|1	0|1	MATCH	MATCH
chr6:30215049:G:A	0|1	0|1	MATCH	MATCH
chr6:30216868:A:G	0|1	0|1	MATCH	MATCH
chr6:30217464:A:AC	0|1	0|1	MATCH	MATCH
chr6:30217869:C:T	0|1	0|1	MATCH	MATCH
chr6:30219042:T:C	0|1	0|1	MATCH	MATCH
chr6:30219086:A:G	0|1	0|1	MATCH	MATCH
chr6:30219094:C:G	0|1	0|1	MATCH	MATCH
chr6:30219268:C:T	0|1	0|1	MATCH	MATCH
chr6:30219387:T:A	0|1	0|1	MATCH	MATCH
chr6:30219657:G:C	0|1	0|1	MATCH	MATCH
chr6:30220381:G:T	0|1	0|1	MATCH	MATCH
chr6:30220422:C:T	0|1	0|1	MATCH	MATCH
chr6:30222657:T:C	0|1	0|1	MATCH	MATCH
chr6:30222863:C:T	0|1	0|1	MATCH	MATCH
chr6:30223678:T:A	0|1	0|1	MATCH	MATCH
chr6:30223810:A:G	0|1	0|1	MATCH	MATCH
chr6:30224049:CTCTT:C	1|0	1|0	MATCH	MATCH
chr6:30225026:C:A	0|1	0|1	MATCH	MATCH
chr6:30225362:G:C	1|0	1|0	MATCH	MATCH
chr6:30225736:A:G	0|1	0|1	MATCH	MATCH
chr6:30226326:A:C	0|1	0|1	MATCH	MATCH
chr6:30226543:G:A	0|1	0|1	MATCH	MATCH
chr6:30226754:A:C	0|1	0|1	MATCH	MATCH
chr6:30227232:A:G	0|1	0|1	MATCH	MATCH
chr6:30227261:G:T	0|1	0|1	MATCH	MATCH
chr6:30227282:C:T	0|1	0|1	MATCH	MATCH
chr6:30228536:C:T	0|1	0|1	MATCH	MATCH
chr6:30228579:G:GT	0|1	0|1	MATCH	MATCH
chr6:30228901:A:G	0|1	0|1	MATCH	MATCH
chr6:30229078:T:C	0|1	0|1	MATCH	MATCH
chr6:30229123:C:CTTTG	0|1	0|1	MATCH	MATCH
chr6:30229260:T:C	0|1	0|1	MATCH	MATCH
chr6:30229511:G:C	0|1	0|1	MATCH	MATCH
chr6:30229769:G:T	1|0	1|0	MATCH	MATCH
chr6:30230218:C:T	0|1	0|1	MATCH	MATCH
chr6:30230912:A:T	0|1	0|1	MATCH	MATCH
chr6:30231290:G:A	0|1	0|1	MATCH	MATCH
chr6:30231735:G:A	0|1	0|1	MATCH	MATCH
chr6:30232895:T:A	0|1	0|1	MATCH	MATCH
chr6:30234178:G:A	0|1	0|1	MATCH	MATCH
chr6:30234275:C:T	0|1	0|1	MATCH	MATCH
chr6:30234652:C:T	0|1	0|1	MATCH	MATCH
chr6:30234665:A:G	0|1	0|1	MATCH	MATCH
chr6:30234794:C:T	0|1	0|1	MATCH	MATCH
chr6:30234811:A:G	1|0	1|0	MATCH	MATCH
chr6:30235197:ATTTAT:A	1|0	1|0	MATCH	MATCH
chr6:30235423:A:G	1|0	1|0	MATCH	MATCH
chr6:30235632:C:T	1|0	1|0	MATCH	MATCH
chr6:30235825:C:T	0|1	0|1	MATCH	MATCH
chr6:30235997:C:CTG	0|1	0|1	MATCH	MATCH
chr6:30236231:T:C	0|1	0|1	MATCH	MATCH
chr6:30236470:A:T	0|1	0|1	MATCH	MATCH
chr6:30236622:C:G	0|1	0|1	MATCH	MATCH
chr6:30237822:C:A	1|0	1|0	MATCH	MATCH
chr6:30237866:C:T	0|1	0|1	MATCH	MATCH
chr6:30238214:T:C	1|0	1|0	MATCH	MATCH
chr6:30239214:G:A	1|0	1|0	MATCH	MATCH
chr6:30239583:T:TA	0|1	0|1	MATCH	MATCH
chr6:30239718:C:A	0|1	0|1	MATCH	MATCH
chr6:30239862:T:G	1|0	1|0	MATCH	MATCH
chr6:30239949:C:T	1|0	1|0	MATCH	MATCH
chr6:30241014:TATTA:T	0|1	0|1	MATCH	MATCH
chr6:30241066:G:A	0|1	0|1	MATCH	MATCH
chr6:30241285:T:G	1|0	1|0	MATCH	MATCH
chr6:30242141:A:G	0|1	0|1	MATCH	MATCH
chr6:30242773:C:A	0|1	0|1	MATCH	MATCH
chr6:30243721:G:A	1|0	1|0	MATCH	MATCH
chr6:30243731:G:A	1|0	1|0	MATCH	MATCH
chr6:30243829:T:A,*	2|1	2|1	MATCH	MATCH
chr6:30246353:A:C	1|0	1|0	MATCH	MATCH
chr6:30247637:A:G	0|1	0|1	MATCH	MATCH
chr6:30248780:C:T	1|0	1|0	MATCH	MATCH
chr6:30249408:A:T	1|0	1|0	MATCH	MATCH
chr6:30249574:T:C	0|1	0|1	MATCH	MATCH
chr6:30249985:TC:T	0|1	0|1	MATCH	MATCH
chr6:30250602:C:T	0|1	0|1	MATCH	MATCH
chr6:30252400:A:G	1|0	1|0	MATCH	MATCH
chr6:30252972:T:C	1|0	1|0	MATCH	MATCH
chr6:30255126:T:TG	1|0	1|0	MATCH	MATCH
chr6:30255651:C:T	0|1	0|1	MATCH	MATCH
chr6:30255943:C:T	1|0	1|0	MATCH	MATCH
chr6:30256126:C:T	1|0	1|0	MATCH	MATCH
chr6:30257496:G:A	0|1	0|1	MATCH	MATCH
chr6:30258346:C:T	0|1	0|1	MATCH	MATCH
chr6:30258528:C:T	0|1	0|1	MATCH	MATCH
chr6:30259034:C:G	1|0	1|0	MATCH	MATCH
chr6:30259648:C:G	0|1	0|1	MATCH	MATCH
chr6:30259750:C:T	0|1	0|1	MATCH	MATCH
chr6:30260135:C:T	0|1	0|1	MATCH	MATCH
chr6:30260136:G:T	0|1	0|1	MATCH	MATCH
chr6:30260138:A:T	0|1	0|1	MATCH	MATCH
chr6:30260361:G:A	1|0	1|0	MATCH	MATCH
chr6:30260453:A:C	1|0	1|0	MATCH	MATCH
chr6:30260621:CG:C	1|0	1|0	MATCH	MATCH
chr6:30260639:T:C	1|0	1|0	MATCH	MATCH
chr6:30260935:AG:A	1|0	1|0	MATCH	MATCH
chr6:30261102:C:T	1|0	1|0	MATCH	MATCH
chr6:30261104:T:C	1|0	1|0	MATCH	MATCH
chr6:30261161:T:C	1|0	1|0	MATCH	MATCH
chr6:30261236:A:G	1|0	1|0	MATCH	MATCH
chr6:30261257:C:CT	1|0	1|0	MATCH	MATCH
chr6:30261504:C:T	1|0	1|0	MATCH	MATCH
chr6:30261680:C:T	1|0	1|0	MATCH	MATCH
chr6:30261686:G:A	1|0	1|0	MATCH	MATCH
chr6:30261727:G:A	1|0	1|0	MATCH	MATCH
chr6:30261806:G:C	1|0	1|0	MATCH	MATCH
chr6:30261917:A:C	1|0	1|0	MATCH	MATCH
chr6:30262053:A:G	1|0	1|0	MATCH	MATCH
chr6:30262145:A:G	1|0	1|0	MATCH	MATCH
chr6:30262150:AAGG:A	1|0	1|0	MATCH	MATCH
chr6:30262212:C:T	0|1	0|1	MATCH	MATCH
chr6:30262213:G:A	1|0	1|0	MATCH	MATCH
chr6:30262308:T:C	1|0	1|0	MATCH	MATCH
chr6:30262741:G:A	1|0	1|0	MATCH	MATCH
chr6:30262983:G:A	0|1	0|1	MATCH	MATCH
chr6:30263000:A:G	0|1	0|1	MATCH	MATCH
chr6:30263147:C:G	0|1	0|1	MATCH	MATCH
chr6:30263153:A:G	0|1	0|1	MATCH	MATCH
chr6:30263294:G:A	1|0	1|0	MATCH	MATCH
chr6:30263331:G:T	1|0	1|0	MATCH	MATCH
chr6:30263447:G:A	0|1	0|1	MATCH	MATCH
chr6:30263496:A:G	0|1	0|1	MATCH	MATCH
chr6:30263508:AC:A	0|1	0|1	MATCH	MATCH
chr6:30263553:T:C	0|1	0|1	MATCH	MATCH
chr6:30263756:G:C	0|1	0|1	MATCH	MATCH
chr6:30263786:A:AG	0|1	0|1	MATCH	MATCH
chr6:30263810:A:G	0|1	0|1	MATCH	MATCH
chr6:30263817:A:G	0|1	0|1	MATCH	MATCH
chr6:30263825:G:C	0|1	0|1	MATCH	MATCH
chr6:30263889:T:C	0|1	0|1	MATCH	MATCH
chr6:30263978:G:C	0|1	0|1	MATCH	MATCH
chr6:30263991:G:A	0|1	0|1	MATCH	MATCH
chr6:30264052:G:C	0|1	0|1	MATCH	MATCH
chr6:30264232:T:G	0|1	0|1	MATCH	MATCH
chr6:30264473:A:G	0|1	0|1	MATCH	MATCH
chr6:30264659:G:A	0|1	0|1	MATCH	MATCH
chr6:30264737:G:A	1|0	1|0	MATCH	MATCH
chr6:30264767:GAGAA:G	0|1	0|1	MATCH	MATCH
chr6:30264895:C:T	0|1	0|1	MATCH	MATCH
chr6:30265008:C:A	0|1	0|1	MATCH	MATCH
chr6:30265176:G:A	0|1	0|1	MATCH	MATCH
chr6:30265505:G:T	0|1	0|1	MATCH	MATCH
chr6:30265721:G:GA	1|0	1|0	MATCH	MATCH
chr6:30265736:T:C	0|1	0|1	MATCH	MATCH
chr6:30265781:C:A	0|1	0|1	MATCH	MATCH
chr6:30265962:T:C	0|1	0|1	MATCH	MATCH
chr6:30266099:T:C	0|1	0|1	MATCH	MATCH
chr6:30266375:C:T	0|1	0|1	MATCH	MATCH
chr6:30266717:T:C	1|0	1|0	MATCH	MATCH
chr6:30266850:A:T	0|1	0|1	MATCH	MATCH
chr6:30266880:A:G	0|1	0|1	MATCH	MATCH
chr6:30266923:T:C	0|1	0|1	MATCH	MATCH
chr6:30266944:G:A	0|1	0|1	MATCH	MATCH
chr6:30267154:T:C	0|1	0|1	MATCH	MATCH
chr6:30267157:A:C	0|1	0|1	MATCH	MATCH
chr6:30267168:A:G	0|1	0|1	MATCH	MATCH
chr6:30267407:C:T	1|0	1|0	MATCH	MATCH
chr6:30267427:G:A	0|1	0|1	MATCH	MATCH
chr6:30268261:G:T	0|1	0|1	MATCH	MATCH
chr6:30269677:A:G	1|0	1|0	MATCH	MATCH
chr6:30270845:C:T	0|1	0|1	MATCH	MATCH
chr6:30270970:C:T	0|1	0|1	MATCH	MATCH
chr6:30271224:T:C	0|1	0|1	MATCH	MATCH
chr6:30272298:G:A	1|0	1|0	MATCH	MATCH
chr6:30272578:C:CA	0|1	0|1	MATCH	MATCH
chr6:30272795:T:C	0|1	0|1	MATCH	MATCH
chr6:30272815:A:G	0|1	0|1	MATCH	MATCH
chr6:30273149:C:A	1|0	1|0	MATCH	MATCH
chr6:30277256:G:A	1|0	1|0	MATCH	MATCH
chr6:30279111:G:T	1|0	1|0	MATCH	MATCH
chr6:30279200:C:T	0|1	0|1	MATCH	MATCH
chr6:30279267:G:A	1|0	1|0	MATCH	MATCH
chr6:30279804:C:G	0|1	0|1	MATCH	MATCH
chr6:30279826:C:T	1|0	1|0	MATCH	MATCH
chr6:30280018:C:T	0|1	0|1	MATCH	MATCH
chr6:30281026:A:G	0|1	0|1	MATCH	MATCH
chr6:30281836:T:C	1|0	1|0	MATCH	MATCH
chr6:30282823:G:A	0|1	0|1	MATCH	MATCH
chr6:30283537:A:G	1|0	1|0	MATCH	MATCH
chr6:30284179:CA:C	0|1	0|1	MATCH	MATCH
chr6:30284593:C:T	0|1	0|1	MATCH	MATCH
chr6:30285562:T:G	1|0	1|0	MATCH	MATCH
chr6:30286352:C:T	0|1	0|1	MATCH	MATCH
chr6:30286450:C:G	1|0	1|0	MATCH	MATCH
chr6:30286718:G:C	0|1	0|1	MATCH	MATCH
chr6:30287001:A:G	1|0	1|0	MATCH	MATCH
chr6:30287322:CTGTA:C	0|1	0|1	MATCH	MATCH
chr6:30287593:C:T	0|1	0|1	MATCH	MATCH
chr6:30288038:TGATA:T	1|0	1|0	MATCH	MATCH
chr6:30288325:T:C	0|1	0|1	MATCH	MATCH
chr6:30288811:T:A	0|1	0|1	MATCH	MATCH
chr6:30288813:GC:G	0|1	0|1	MATCH	MATCH
chr6:30289061:G:A	0|1	0|1	MATCH	MATCH
chr6:30289108:C:T	0|1	0|1	MATCH	MATCH
chr6:30289916:T:C	0|1	0|1	MATCH	MATCH
chr6:30290004:A:G	0|1	0|1	MATCH	MATCH
chr6:30290931:C:T	0|1	0|1	MATCH	MATCH
chr6:30291495:C:T	0|1	0|1	MATCH	MATCH
chr6:30291880:G:T	1|0	1|0	MATCH	MATCH
chr6:30293255:G:T	0|1	0|1	MATCH	MATCH
chr6:30293619:A:G	0|1	0|1	MATCH	MATCH
chr6:30294763:A:G	0|1	0|1	MATCH	MATCH
chr6:30295789:T:G	0|1	0|1	MATCH	MATCH
chr6:30296530:C:T	1|0	1|0	MATCH	MATCH
chr6:30297156:C:T	1|0	1|0	MATCH	MATCH
chr6:30297559:G:T	1|0	1|0	MATCH	MATCH
chr6:30297564:T:C	0|1	0|1	MATCH	MATCH
chr6:30298012:G:A	0|1	0|1	MATCH	MATCH
chr6:30299885:T:C	1|0	1|0	MATCH	MATCH
chr6:30300030:A:G	1|0	1|0	MATCH	MATCH
chr6:30301086:T:C	1|0	1|0	MATCH	MATCH
chr6:30301337:A:C	1|0	1|0	MATCH	MATCH
chr6:30302303:G:A	1|0	1|0	MATCH	MATCH
chr6:30302832:C:T	1|0	1|0	MATCH	MATCH
chr6:30302844:G:C	0|1	0|1	MATCH	MATCH
chr6:30303335:G:C	0|1	0|1	MATCH	MATCH
chr6:30304015:G:A	0|1	0|1	MATCH	MATCH
chr6:30304444:T:C	0|1	0|1	MATCH	MATCH
chr6:30305594:G:A	1|0	1|0	MATCH	MATCH
chr6:30306162:C:T	0|1	0|1	MATCH	MATCH
chr6:30306980:T:C	1|0	1|0	MATCH	MATCH
chr6:30306996:G:T	0|1	0|1	MATCH	MATCH
chr6:30307347:T:G	1|0	1|0	MATCH	MATCH
chr6:30308695:C:G	1|0	1|0	MATCH	MATCH
chr6:30308846:G:A	0|1	0|1	MATCH	MATCH
chr6:30310603:T:C	0|1	0|1	MATCH	MATCH
chr6:30310920:C:A	0|1	0|1	MATCH	MATCH
chr6:30313457:T:A	1|0	1|0	MATCH	MATCH
chr6:30313559:G:T	0|1	0|1	MATCH	MATCH
chr6:30313801:G:A	0|1	0|1	MATCH	MATCH
chr6:30314658:T:A	0|1	0|1	MATCH	MATCH
chr6:30314867:T:A	1|0	1|0	MATCH	MATCH
chr6:30316274:G:C	1|0	1|0	MATCH	MATCH
chr6:30316680:G:A	0|1	0|1	MATCH	MATCH
chr6:30316874:C:T	0|1	0|1	MATCH	MATCH
chr6:30317143:A:C	0|1	0|1	MATCH	MATCH
chr6:30317628:C:A	1|0	1|0	MATCH	MATCH
chr6:30318166:T:C	0|1	0|1	MATCH	MATCH
chr6:30318295:A:C	0|1	0|1	MATCH	MATCH
chr6:30318303:T:C	1|0	1|0	MATCH	MATCH
chr6:30319131:T:G	1|0	1|0	MATCH	MATCH
chr6:30319308:T:C	0|1	0|1	MATCH	MATCH
chr6:30319349:C:T	0|1	0|1	MATCH	MATCH
chr6:30319392:T:C	0|1	0|1	MATCH	MATCH
chr6:30319509:G:C	0|1	0|1	MATCH	MATCH
chr6:30321147:T:C	1|0	1|0	MATCH	MATCH
chr6:30321460:C:G	0|1	0|1	MATCH	MATCH
chr6:30321929:C:T	0|1	0|1	MATCH	MATCH
chr6:30322264:C:T	1|0	1|0	MATCH	MATCH
chr6:30323375:G:A	1|0	1|0	MATCH	MATCH
chr6:30324370:C:T	1|0	1|0	MATCH	MATCH
chr6:30324396:T:G	1|0	1|0	MATCH	MATCH
chr6:30324440:T:C	1|0	1|0	MATCH	MATCH
chr6:30324792:G:A	0|1	0|1	MATCH	MATCH
chr6:30325451:T:C	1|0	1|0	MATCH	MATCH
chr6:30329752:T:C	1|0	1|0	MATCH	MATCH
chr6:30329953:A:G	1|0	1|0	MATCH	MATCH
chr6:30331077:C:T	1|0	1|0	MATCH	MATCH
chr6:30332210:G:T	0|1	0|1	MATCH	MATCH
chr6:30333426:C:T	1|0	1|0	MATCH	MATCH
chr6:30334207:C:G	1|0	1|0	MATCH	MATCH
chr6:30334823:T:G	1|0	1|0	MATCH	MATCH
chr6:30337039:G:A	1|0	1|0	MATCH	MATCH
chr6:30337176:G:C	1|0	1|0	MATCH	MATCH
chr6:30338216:CTT:C	0|1	0|1	MATCH	MATCH
chr6:30338529:A:G	0|1	0|1	MATCH	MATCH
chr6:30339243:T:C	1|0	1|0	MATCH	MATCH
chr6:30339351:G:T	0|1	0|1	MATCH	MATCH
chr6:30339565:G:C	0|1	0|1	MATCH	MATCH
chr6:30341731:T:C	1|0	1|0	MATCH	MATCH
chr6:30343155:A:C	0|1	0|1	MATCH	MATCH
chr6:30344399:A:G	0|1	0|1	MATCH	MATCH
chr6:30346789:T:G	1|0	1|0	MATCH	MATCH
chr6:30346790:C:A	1|0	1|0	MATCH	MATCH
chr6:30346821:C:T	1|0	1|0	MATCH	MATCH
chr6:30347433:A:G	1|0	1|0	MATCH	MATCH
chr6:30347677:T:C	1|0	1|0	MATCH	MATCH
chr6:30348962:C:T	1|0	1|0	MATCH	MATCH
chr6:30349013:T:G	1|0	1|0	MATCH	MATCH
chr6:30349906:T:C	1|0	1|0	MATCH	MATCH
chr6:30353368:G:C	1|0	1|0	MATCH	MATCH
chr6:30356364:A:G	0|1	0|1	MATCH	MATCH
chr6:30360704:A:G	1|0	1|0	MATCH	MATCH
chr6:30361418:C:T	0|1	0|1	MATCH	MATCH
chr6:30362453:T:C	0|1	0|1	MATCH	MATCH
chr6:30362869:T:C	0|1	0|1	MATCH	MATCH
chr6:30366980:G:A	1|0	1|0	MATCH	MATCH
chr6:30372161:C:CT	0|1	0|1	MATCH	MATCH
chr6:30372541:T:C	0|1	0|1	MATCH	MATCH
chr6:30373360:A:C	1|0	1|0	MATCH	MATCH
chr6:30383189:A:T	0|1	0|1	MATCH	MATCH
chr6:30386323:A:G	1|0	1|0	MATCH	MATCH
chr6:30386430:G:A	1|0	1|0	MATCH	MATCH
chr6:30387092:A:G	1|0	1|0	MATCH	MATCH
chr6:30387145:T:A	1|0	1|0	MATCH	MATCH
chr6:30389766:G:A	0|1	0|1	MATCH	MATCH
chr6:30392017:A:AGAGT	1|0	1|0	MATCH	MATCH
chr6:30395410:G:A	0|1	0|1	MATCH	MATCH
chr6:30397433:C:T	0|1	0|1	MATCH	MATCH
chr6:30397671:T:C	0|1	0|1	MATCH	MATCH
chr6:30397852:C:T	0|1	0|1	MATCH	MATCH
chr6:30397899:T:C	1|0	1|0	MATCH	MATCH
chr6:30398044:GA:G	1|0	1|0	MATCH	MATCH
chr6:30398463:T:C	0|1	0|1	MATCH	MATCH
chr6:30398786:A:T	1|0	1|0	MATCH	MATCH
chr6:30399234:T:C	0|1	0|1	MATCH	MATCH
chr6:30399236:G:A	1|0	1|0	MATCH	MATCH
chr6:30399405:C:T	1|0	1|0	MATCH	MATCH
chr6:30399557:A:G	1|0	1|0	MATCH	MATCH
chr6:30399675:C:T	0|1	0|1	MATCH	MATCH
chr6:30399786:G:A	1|0	1|0	MATCH	MATCH
chr6:30399815:T:A	1|0	1|0	MATCH	MATCH
chr6:30399817:C:A	1|0	1|0	MATCH	MATCH
chr6:30399966:A:T	1|0	1|0	MATCH	MATCH
chr6:30399974:C:A	0|1	0|1	MATCH	MATCH
chr6:30400246:T:C	1|0	1|0	MATCH	MATCH
chr6:30400315:C:T	0|1	0|1	MATCH	MATCH
chr6:30400456:T:C	1|0	1|0	MATCH	MATCH
chr6:30400901:T:G	1|0	1|0	MATCH	MATCH
chr6:30401975:C:T	0|1	0|1	MATCH	MATCH
chr6:30402196:C:T	1|0	1|0	MATCH	MATCH
chr6:30402577:G:A	1|0	1|0	MATCH	MATCH
chr6:30402662:A:G	1|0	1|0	MATCH	MATCH
chr6:30402811:A:C	1|0	1|0	MATCH	MATCH
chr6:30402976:G:A	1|0	1|0	MATCH	MATCH
chr6:30404027:G:C	1|0	1|0	MATCH	MATCH
chr6:30404201:A:G	1|0	1|0	MATCH	MATCH
chr6:30404241:T:C	1|0	1|0	MATCH	MATCH
chr6:30404489:A:C	1|0	1|0	MATCH	MATCH
chr6:30404501:C:T	1|0	1|0	MATCH	MATCH
chr6:30404568:C:G	1|0	1|0	MATCH	MATCH
chr6:30404793:G:A	1|0	1|0	MATCH	MATCH
chr6:30405035:G:T	0|1	0|1	MATCH	MATCH
chr6:30405084:G:A	1|0	1|0	MATCH	MATCH
chr6:30405266:G:A	1|0	1|0	MATCH	MATCH
chr6:30405679:T:C	1|0	1|0	MATCH	MATCH
chr6:30405707:G:A	1|0	1|0	MATCH	MATCH
chr6:30405966:A:G	1|0	1|0	MATCH	MATCH
chr6:30406201:G:A	1|0	1|0	MATCH	MATCH
chr6:30406384:T:G	1|0	1|0	MATCH	MATCH
chr6:30406653:A:T	1|0	1|0	MATCH	MATCH
chr6:30406730:G:C	1|0	1|0	MATCH	MATCH
chr6:30407342:G:A	1|0	1|0	MATCH	MATCH
chr6:30407535:T:C	1|0	1|0	MATCH	MATCH
chr6:30407850:T:C	1|0	1|0	MATCH	MATCH
chr6:30408107:T:C	1|0	1|0	MATCH	MATCH
chr6:30408760:T:A	1|0	1|0	MATCH	MATCH
chr6:30409421:G:A	0|1	0|1	MATCH	MATCH
chr6:30409514:C:T	1|0	1|0	MATCH	MATCH
chr6:30409675:G:A	1|0	1|0	MATCH	MATCH
chr6:30410145:A:G	1|0	1|0	MATCH	MATCH
chr6:30410397:T:C	0|1	0|1	MATCH	MATCH
chr6:30410917:C:A	1|0	1|0	MATCH	MATCH
chr6:30410935:A:C	1|0	1|0	MATCH	MATCH
chr6:30411135:A:G	0|1	0|1	MATCH	MATCH
chr6:30411259:G:A	1|0	1|0	MATCH	MATCH
chr6:30411423:G:A	1|0	1|0	MATCH	MATCH
chr6:30411656:AC:A	1|0	1|0	MATCH	MATCH
chr6:30412496:T:C	1|0	1|0	MATCH	MATCH
chr6:30412920:A:G	1|0	1|0	MATCH	MATCH
chr6:30412962:T:G	1|0	1|0	MATCH	MATCH
chr6:30413852:C:T	1|0	1|0	MATCH	MATCH
chr6:30413907:T:A	1|0	1|0	MATCH	MATCH
chr6:30413931:A:C	1|0	1|0	MATCH	MATCH
chr6:30414802:C:T	0|1	0|1	MATCH	MATCH
chr6:30415127:A:T	1|0	1|0	MATCH	MATCH
chr6:30415135:A:G	0|1	0|1	MATCH	MATCH
chr6:30415195:A:G	0|1	0|1	MATCH	MATCH
chr6:30416099:C:T	1|0	1|0	MATCH	MATCH
chr6:30416179:C:T	0|1	0|1	MATCH	MATCH
chr6:30416732:G:A	0|1	0|1	MATCH	MATCH
chr6:30417747:A:AC	0|1	0|1	MATCH	MATCH
chr6:30418459:G:A	1|0	1|0	MATCH	MATCH
chr6:30418841:A:C	1|0	1|0	MATCH	MATCH
chr6:30419219:G:A	0|1	0|1	MATCH	MATCH
chr6:30419690:C:G	0|1	0|1	MATCH	MATCH
chr6:30420113:G:C	0|1	0|1	MATCH	MATCH
chr6:30421481:C:T	0|1	0|1	MATCH	MATCH
chr6:30422329:T:C	1|0	1|0	MATCH	MATCH
chr6:30422422:A:T	0|1	0|1	MATCH	MATCH
chr6:30422432:AT:A	1|0	1|0	MATCH	MATCH
chr6:30424198:A:T	0|1	0|1	MATCH	MATCH
chr6:30425018:G:A	1|0	1|0	MATCH	MATCH
chr6:30425318:A:AT	1|0	1|0	MATCH	MATCH
chr6:30425881:C:A	1|0	1|0	MATCH	MATCH
chr6:30427185:G:T	0|1	0|1	MATCH	MATCH
chr6:30428393:CAA:C	0|1	0|1	MATCH	MATCH
chr6:30428543:A:T	1|0	1|0	MATCH	MATCH
chr6:30428904:G:T	0|1	0|1	MATCH	MATCH
chr6:30429983:C:T	1|0	1|0	MATCH	MATCH
chr6:30430330:C:T	0|1	0|1	MATCH	MATCH
chr6:30430409:G:A	1|0	1|0	MATCH	MATCH
chr6:30430766:C:T	0|1	0|1	MATCH	MATCH
chr6:30431446:G:C	0|1	0|1	MATCH	MATCH
chr6:30431607:C:G	1|0	1|0	MATCH	MATCH
chr6:30431785:G:A	0|1	0|1	MATCH	MATCH
chr6:30431962:AT:A	1|0	1|0	MATCH	MATCH
chr6:30433815:T:C	0|1	0|1	MATCH	MATCH
chr6:30433896:A:AG	1|0	1|0	MATCH	MATCH
chr6:30435229:G:T	1|0	1|0	MATCH	MATCH
chr6:30436466:TATATA:T	1|0	1|0	MATCH	MATCH
chr6:30436626:A:G	0|1	0|1	MATCH	MATCH
chr6:30436885:GA:G	0|1	0|1	MATCH	MATCH
chr6:30437009:A:C	0|1	0|1	MATCH	MATCH
chr6:30437574:T:TAA	0|1	0|1	MATCH	MATCH
chr6:30441010:C:T	0|1	0|1	MATCH	MATCH
chr6:30441379:A:C	1|0	1|0	MATCH	MATCH
chr6:30441766:G:A	0|1	0|1	MATCH	MATCH
chr6:30442192:A:G	1|0	1|0	MATCH	MATCH
chr6:30443055:T:A	0|1	0|1	MATCH	MATCH
chr6:30443769:T:C	0|1	0|1	MATCH	MATCH
chr6:30444126:C:A	0|1	0|1	MATCH	MATCH
chr6:30444190:T:A	0|1	0|1	MATCH	MATCH
chr6:30444240:A:G	0|1	0|1	MATCH	MATCH
chr6:30444268:G:T	0|1	0|1	MATCH	MATCH
chr6:30444585:G:A	0|1	0|1	MATCH	MATCH
chr6:30446195:G:C	0|1	0|1	MATCH	MATCH
chr6:30447334:C:G	0|1	0|1	MATCH	MATCH
chr6:30447859:A:C	0|1	0|1	MATCH	MATCH
chr6:30448127:T:C	0|1	0|1	MATCH	MATCH
chr6:30448743:A:T	1|0	1|0	MATCH	MATCH
chr6:30449654:TG:T	1|0	1|0	MATCH	MATCH
chr6:30449837:G:A	0|1	0|1	MATCH	MATCH
chr6:30449912:C:T	0|1	0|1	MATCH	MATCH
chr6:30450577:G:T	1|0	1|0	MATCH	MATCH
chr6:30451299:C:A	0|1	0|1	MATCH	MATCH
chr6:30452054:C:A	1|0	1|0	MATCH	MATCH
chr6:30452312:T:G	1|0	1|0	MATCH	MATCH
chr6:30452609:A:G	0|1	0|1	MATCH	MATCH
chr6:30453215:A:AG	0|1	0|1	MATCH	MATCH
chr6:30453725:A:G	0|1	0|1	MATCH	MATCH
chr6:30453840:C:T	0|1	0|1	MATCH	MATCH
chr6:30453918:T:C	0|1	0|1	MATCH	MATCH
chr6:30453998:A:G	0|1	0|1	MATCH	MATCH
chr6:30454085:G:A	0|1	0|1	MATCH	MATCH
chr6:30454189:C:G	0|1	0|1	MATCH	MATCH
chr6:30454343:C:G	0|1	0|1	MATCH	MATCH
chr6:30454855:A:G	0|1	0|1	MATCH	MATCH
chr6:30454946:T:C	0|1	0|1	MATCH	MATCH
chr6:30455138:G:T	0|1	0|1	MATCH	MATCH
chr6:30455167:A:G	0|1	0|1	MATCH	MATCH
chr6:30456236:G:A	0|1	0|1	MATCH	MATCH
chr6:30456423:G:C	0|1	0|1	MATCH	MATCH
chr6:30456460:C:A	0|1	0|1	MATCH	MATCH
chr6:30456617:A:G	0|1	0|1	MATCH	MATCH
chr6:30456846:A:C	0|1	0|1	MATCH	MATCH
chr6:30457380:G:A	0|1	0|1	MATCH	MATCH
chr6:30457560:C:T	0|1	0|1	MATCH	MATCH
chr6:30457918:A:T	0|1	0|1	MATCH	MATCH
chr6:30458166:T:A	0|1	0|1	MATCH	MATCH
chr6:30458353:C:T	0|1	0|1	MATCH	MATCH
chr6:30458375:T:C	0|1	0|1	MATCH	MATCH
chr6:30458774:G:T	0|1	0|1	MATCH	MATCH
chr6:30458886:G:C	0|1	0|1	MATCH	MATCH
chr6:30459516:G:A	0|1	0|1	MATCH	MATCH
chr6:30459636:A:G	0|1	0|1	MATCH	MATCH
chr6:30459705:T:C	0|1	0|1	MATCH	MATCH
chr6:30460442:G:A	1|0	1|0	MATCH	MATCH
chr6:30460574:A:G	1|0	1|0	MATCH	MATCH
chr6:30461421:C:A	1|0	1|0	MATCH	MATCH
chr6:30461874:G:A	0|1	0|1	MATCH	MATCH
chr6:30462136:GCC:G	0|1	0|1	MATCH	MATCH
chr6:30464625:G:T	1|0	1|0	MATCH	MATCH
chr6:30466578:A:C	0|1	0|1	MATCH	MATCH
chr6:30466671:A:G	1|0	1|0	MATCH	MATCH
chr6:30466694:C:T	1|0	1|0	MATCH	MATCH
chr6:30466789:A:G	1|0	1|0	MATCH	MATCH
chr6:30467123:T:C	1|0	1|0	MATCH	MATCH
chr6:30468904:G:A	1|0	1|0	MATCH	MATCH
chr6:30469199:T:G	1|0	1|0	MATCH	MATCH
chr6:30471481:G:A	0|1	0|1	MATCH	MATCH
chr6:30471535:T:G	1|0	0|0	DIFF	ERROR
chr6:30471542:G:A	1|0	0|0	DIFF	ERROR
chr6:30471557:T:C	1|0	0|0	DIFF	ERROR
chr6:30471567:G:A	1|0	0|0	DIFF	ERROR
chr6:30471577:C:T	1|0	0|0	DIFF	ERROR
chr6:30471586:C:T	1|0	0|0	DIFF	ERROR
chr6:30471611:G:A	1|0	0|0	DIFF	ERROR
chr6:30471829:A:G	1|0	1|0	MATCH	MATCH
chr6:30472416:T:C	1|0	1|0	MATCH	MATCH
chr6:30472471:A:G	1|0	1|0	MATCH	MATCH
chr6:30472517:C:T	1|0	1|0	MATCH	MATCH
chr6:30472757:T:G	1|0	1|0	MATCH	MATCH
chr6:30472771:C:T	1|0	1|0	MATCH	MATCH
chr6:30472970:G:GA	1|0	1|0	MATCH	MATCH
chr6:30473992:A:G	1|0	1|0	MATCH	MATCH
chr6:30474639:G:A	1|0	1|0	MATCH	MATCH
chr6:30474894:C:T	1|0	1|0	MATCH	MATCH
chr6:30476580:C:T	0|1	0|1	MATCH	MATCH
chr6:30476590:C:A	1|0	1|0	MATCH	MATCH
chr6:30477740:C:CA	1|0	1|0	MATCH	MATCH
chr6:30478227:A:G	1|0	1|0	MATCH	MATCH
chr6:30479186:A:G	1|0	1|0	MATCH	MATCH
chr6:30481269:C:T	1|0	1|0	MATCH	MATCH
chr6:30481467:C:G	1|0	1|0	MATCH	MATCH
chr6:30481705:G:A	1|0	1|0	MATCH	MATCH
chr6:30482842:T:C	1|0	1|0	MATCH	MATCH
chr6:30482949:A:G	1|0	1|0	MATCH	MATCH
chr6:30484127:T:C	0|1	0|1	MATCH	MATCH
chr6:30484963:A:G	1|0	1|0	MATCH	MATCH
chr6:30485193:TATATATAG:T	0|1	0|1	MATCH	MATCH
chr6:30485552:C:G	1|0	1|0	MATCH	MATCH
chr6:30486012:A:C	1|0	1|0	MATCH	MATCH
chr6:30486299:T:C	1|0	1|0	MATCH	MATCH
chr6:30487389:T:C	1|0	1|0	MATCH	MATCH
chr6:30487517:C:G	1|0	1|0	MATCH	MATCH
chr6:30488046:C:T	0|1	0|1	MATCH	MATCH
chr6:30498728:G:T	0|1	0|1	MATCH	MATCH
chr6:30498819:G:A	0|1	0|1	MATCH	MATCH
chr6:30499136:G:A	0|1	0|1	MATCH	MATCH
chr6:30499918:A:G	1|0	1|0	MATCH	MATCH
chr6:30501014:C:T	0|1	0|1	MATCH	MATCH
chr6:30502871:G:A	1|0	1|0	MATCH	MATCH
chr6:30503092:G:A	1|0	1|0	MATCH	MATCH
chr6:30506215:G:T	1|0	1|0	MATCH	MATCH
chr6:30515216:C:T	0|1	0|1	MATCH	MATCH
chr6:30517013:G:C	1|0	1|0	MATCH	MATCH
chr6:30521699:C:T	1|0	1|0	MATCH	MATCH
chr6:30522601:G:A	0|1	0|1	MATCH	MATCH
chr6:30524295:C:A	1|0	1|0	MATCH	MATCH
chr6:30529434:C:A	1|0	1|0	MATCH	MATCH
chr6:30533612:G:A	1|0	1|0	MATCH	MATCH
chr6:30534504:A:C	1|0	1|0	MATCH	MATCH
chr6:30536043:T:G	0|1	0|1	MATCH	MATCH
chr6:30537124:C:T	1|0	1|0	MATCH	MATCH
chr6:30538171:A:T	0|1	0|1	MATCH	MATCH
chr6:30538606:A:C	0|1	0|1	MATCH	MATCH
chr6:30538892:C:T	0|1	0|1	MATCH	MATCH
chr6:30540105:G:GTC	1|0	1|0	MATCH	MATCH
chr6:30552438:C:G	1|0	1|0	MATCH	MATCH
chr6:30557539:T:C	1|0	1|0	MATCH	MATCH
chr6:30561698:C:T	1|0	1|0	MATCH	MATCH
chr6:30564634:T:C	1|0	1|0	MATCH	MATCH
chr6:30568783:C:A	0|1	0|1	MATCH	MATCH
chr6:30571244:C:T	1|0	1|0	MATCH	MATCH
chr6:30573907:G:A	1|0	1|0	MATCH	MATCH
chr6:30576644:G:A	1|0	1|0	MATCH	MATCH
chr6:30577205:T:C	0|1	0|1	MATCH	MATCH
chr6:30585160:A:C	0|1	0|1	MATCH	MATCH
chr6:30587369:G:C	0|1	0|1	MATCH	MATCH
chr6:30587804:G:A	1|0	1|0	MATCH	MATCH
chr6:30592284:TA:T	1|0	1|0	MATCH	MATCH
chr6:30595690:C:T	1|0	1|0	MATCH	MATCH
chr6:30596016:C:G	0|1	0|1	MATCH	MATCH
chr6:30602597:G:A	1|0	1|0	MATCH	MATCH
chr6:30606246:G:A	0|1	0|1	MATCH	MATCH
chr6:30610558:C:T	0|1	0|1	MATCH	MATCH
chr6:30617292:C:T	0|1	0|1	MATCH	MATCH
chr6:30622345:T:C	1|0	1|0	MATCH	MATCH
chr6:30623227:C:T	1|0	1|0	MATCH	MATCH
chr6:30624452:A:C	1|0	1|0	MATCH	MATCH
chr6:30626617:A:T	1|0	1|0	MATCH	MATCH
chr6:30631789:C:CA	1|0	1|0	MATCH	MATCH
chr6:30632144:G:GTA	0|1	0|1	MATCH	MATCH
chr6:30634044:T:C	1|0	1|0	MATCH	MATCH
chr6:30638273:G:A	1|0	1|0	MATCH	MATCH
chr6:30639050:A:G	1|0	1|0	MATCH	MATCH
chr6:30639634:A:G	1|0	1|0	MATCH	MATCH
chr6:30640496:A:G	1|0	1|0	MATCH	MATCH
chr6:30641852:A:G	1|0	1|0	MATCH	MATCH
chr6:30641884:T:C	1|0	1|0	MATCH	MATCH
chr6:30642265:C:G	1|0	1|0	MATCH	MATCH
chr6:30650131:G:C	0|1	0|1	MATCH	MATCH
chr6:30650523:G:A	0|1	0|1	MATCH	MATCH
chr6:30652107:G:C	1|0	1|0	MATCH	MATCH
chr6:30652134:T:C	0|1	0|1	MATCH	MATCH
chr6:30654458:G:A	0|1	0|1	MATCH	MATCH
chr6:30656378:T:C	1|0	1|0	MATCH	MATCH
chr6:30657378:G:C	1|0	1|0	MATCH	MATCH
chr6:30658921:T:C	1|0	1|0	MATCH	MATCH
chr6:30659714:C:G	0|1	0|1	MATCH	MATCH
chr6:30661375:T:G	1|0	1|0	MATCH	MATCH
chr6:30663387:G:A	0|1	0|1	MATCH	MATCH
chr6:30665142:T:C	0|1	0|1	MATCH	MATCH
chr6:30666098:A:G	1|0	1|0	MATCH	MATCH
chr6:30666723:A:G	1|0	1|0	MATCH	MATCH
chr6:30668091:C:A	0|1	0|1	MATCH	MATCH
chr6:30668282:T:A	1|0	1|0	MATCH	MATCH
chr6:30669141:C:G	1|0	1|0	MATCH	MATCH
chr6:30669278:G:A	1|0	1|0	MATCH	MATCH
chr6:30669338:T:C	1|0	1|0	MATCH	MATCH
chr6:30670079:A:C	1|0	1|0	MATCH	MATCH
chr6:30671117:C:T	0|1	0|1	MATCH	MATCH
chr6:30671380:G:C	1|0	1|0	MATCH	MATCH
chr6:30671558:G:T	1|0	1|0	MATCH	MATCH
chr6:30672581:T:G	1|0	1|0	MATCH	MATCH
chr6:30673138:C:T	0|1	0|1	MATCH	MATCH
chr6:30677769:T:C	1|0	1|0	MATCH	MATCH
chr6:30678035:C:A	1|0	1|0	MATCH	MATCH
chr6:30678485:C:T	1|0	1|0	MATCH	MATCH
chr6:30678947:T:C	1|0	1|0	MATCH	MATCH
chr6:30680007:A:G	1|0	1|0	MATCH	MATCH
chr6:30680852:G:A	1|0	1|0	MATCH	MATCH
chr6:30680958:A:G	1|0	1|0	MATCH	MATCH
chr6:30681042:G:A	1|0	1|0	MATCH	MATCH
chr6:30681357:C:T	1|0	1|0	MATCH	MATCH
chr6:30681686:C:T	1|0	1|0	MATCH	MATCH
chr6:30681763:A:G	1|0	1|0	MATCH	MATCH
chr6:30682541:T:G	1|0	1|0	MATCH	MATCH
chr6:30684260:T:C	1|0	1|0	MATCH	MATCH
chr6:30685095:G:A	0|1	0|1	MATCH	MATCH
chr6:30685485:C:T	1|0	1|0	MATCH	MATCH
chr6:30688605:A:C	1|0	1|0	MATCH	MATCH
chr6:30689070:T:C	1|0	1|0	MATCH	MATCH
chr6:30689266:G:A	1|0	1|0	MATCH	MATCH
chr6:30690462:C:A	1|0	1|0	MATCH	MATCH
chr6:30690535:A:G	1|0	1|0	MATCH	MATCH
chr6:30691615:C:T	1|0	1|0	MATCH	MATCH
chr6:30693032:G:A	1|0	1|0	MATCH	MATCH
chr6:30694210:C:T	1|0	1|0	MATCH	MATCH
chr6:30695791:T:G	0|1	0|1	MATCH	MATCH
chr6:30699294:T:C	1|0	1|0	MATCH	MATCH
chr6:30700294:C:G	1|0	1|0	MATCH	MATCH
chr6:30700711:C:G	1|0	1|0	MATCH	MATCH
chr6:30702179:T:C	1|0	1|0	MATCH	MATCH
chr6:30703567:T:C	0|1	0|1	MATCH	MATCH
chr6:30707828:T:G	1|0	1|0	MATCH	MATCH
chr6:30709539:A:G	1|0	1|0	MATCH	MATCH
chr6:30714317:C:T	0|1	0|1	MATCH	MATCH
chr6:30717155:G:C	1|0	1|0	MATCH	MATCH
chr6:30717643:A:C	1|0	1|0	MATCH	MATCH
chr6:30718130:A:G	1|0	1|0	MATCH	MATCH
chr6:30720290:C:G	1|0	1|0	MATCH	MATCH
chr6:30720650:G:T	1|0	1|0	MATCH	MATCH
chr6:30725188:G:A	1|0	1|0	MATCH	MATCH
chr6:30725344:A:G	1|0	1|0	MATCH	MATCH
chr6:30725856:A:G	1|0	1|0	MATCH	MATCH
chr6:30726039:A:G	1|0	1|0	MATCH	MATCH
chr6:30726597:T:C	1|0	1|0	MATCH	MATCH
chr6:30728988:C:T	1|0	1|0	MATCH	MATCH
chr6:30729670:A:G	1|0	1|0	MATCH	MATCH
chr6:30732720:A:G	0|1	0|1	MATCH	MATCH
chr6:30733807:T:C	1|0	1|0	MATCH	MATCH
chr6:30735590:ACTGCAC:A	1|0	1|0	MATCH	MATCH
chr6:30736711:A:C	1|0	1|0	MATCH	MATCH
chr6:30745519:G:A	1|0	1|0	MATCH	MATCH
chr6:30745554:G:C	1|0	1|0	MATCH	MATCH
chr6:30745803:T:C	1|0	1|0	MATCH	MATCH
chr6:30746702:T:C	1|0	1|0	MATCH	MATCH
chr6:30749612:G:C	1|0	1|0	MATCH	MATCH
chr6:30751728:C:T	0|1	0|1	MATCH	MATCH
chr6:30752025:A:G	0|1	0|1	MATCH	MATCH
chr6:30753366:C:T	1|0	1|0	MATCH	MATCH
chr6:30754501:C:T	1|0	1|0	MATCH	MATCH
chr6:30756137:A:G	0|1	0|1	MATCH	MATCH
chr6:30756265:G:A	0|1	0|1	MATCH	MATCH
chr6:30758064:C:T	1|0	1|0	MATCH	MATCH
chr6:30758082:G:A	1|0	1|0	MATCH	MATCH
chr6:30760206:A:G	1|0	1|0	MATCH	MATCH
chr6:30760513:G:A	1|0	1|0	MATCH	MATCH
chr6:30760583:T:G	1|0	1|0	MATCH	MATCH
chr6:30762490:A:G	0|1	0|1	MATCH	MATCH
chr6:30762562:T:C	1|0	1|0	MATCH	MATCH
chr6:30762568:G:C	1|0	1|0	MATCH	MATCH
chr6:30762705:G:T	1|0	1|0	MATCH	MATCH
chr6:30763183:C:T	1|0	1|0	MATCH	MATCH
chr6:30763442:A:G	1|0	1|0	MATCH	MATCH
chr6:30763624:A:T	1|0	1|0	MATCH	MATCH
chr6:30763779:C:T	1|0	1|0	MATCH	MATCH
chr6:30763856:C:T	1|0	1|0	MATCH	MATCH
chr6:30764277:T:C	1|0	1|0	MATCH	MATCH
chr6:30764993:C:T	0|1	0|1	MATCH	MATCH
chr6:30765242:C:T	0|1	0|1	MATCH	MATCH
chr6:30766197:G:A	1|0	1|0	MATCH	MATCH
chr6:30766303:G:A	1|0	1|0	MATCH	MATCH
chr6:30767674:G:A	1|0	1|0	MATCH	MATCH
chr6:30769709:A:C	1|0	1|0	MATCH	MATCH
chr6:30769814:G:C	0|1	0|1	MATCH	MATCH
chr6:30770631:A:T	0|1	0|1	MATCH	MATCH
chr6:30770692:A:G	0|1	0|1	MATCH	MATCH
chr6:30770823:A:G	1|0	1|0	MATCH	MATCH
chr6:30771144:A:G	0|1	0|1	MATCH	MATCH
chr6:30771265:T:C	0|1	0|1	MATCH	MATCH
chr6:30771286:G:T	1|0	1|0	MATCH	MATCH
chr6:30771545:G:A	0|1	0|1	MATCH	MATCH
chr6:30771603:C:T	0|1	0|1	MATCH	MATCH
chr6:30772069:C:T	0|1	0|1	MATCH	MATCH
chr6:30772127:G:A	0|1	0|1	MATCH	MATCH
chr6:30772479:G:A	1|0	1|0	MATCH	MATCH
chr6:30773142:G:C	0|1	0|1	MATCH	MATCH
chr6:30773449:C:T	1|0	1|0	MATCH	MATCH
chr6:30773528:G:C	1|0	1|0	MATCH	MATCH
chr6:30773748:C:CG	0|1	0|1	MATCH	MATCH
chr6:30776279:C:T	1|0	1|0	MATCH	MATCH
chr6:30776361:G:GC	1|0	1|0	MATCH	MATCH
chr6:30776752:A:C	0|1	0|1	MATCH	MATCH
chr6:30777856:G:A	1|0	1|0	MATCH	MATCH
chr6:30777940:G:T	1|0	1|0	MATCH	MATCH
chr6:30778000:T:A	1|0	1|0	MATCH	MATCH
chr6:30778559:G:A	1|0	1|0	MATCH	MATCH
chr6:30778856:C:A	1|0	1|0	MATCH	MATCH
chr6:30778972:G:T	0|1	0|1	MATCH	MATCH
chr6:30779125:C:T	1|0	1|0	MATCH	MATCH
chr6:30779306:T:C	1|0	1|0	MATCH	MATCH
chr6:30779439:C:T	1|0	1|0	MATCH	MATCH
chr6:30780520:A:G	0|1	0|1	MATCH	MATCH
chr6:30781456:T:G	0|1	0|1	MATCH	MATCH
chr6:30782067:C:T	0|1	0|1	MATCH	MATCH
chr6:30784984:C:A	1|0	1|0	MATCH	MATCH
chr6:30785581:T:C	0|1	0|1	MATCH	MATCH
chr6:30787367:A:C,G	1|2	1|2	MATCH	MATCH
chr6:30787983:C:T	0|1	0|1	MATCH	MATCH
chr6:30789263:C:A	1|0	1|0	MATCH	MATCH
chr6:30789295:C:T	1|0	1|0	MATCH	MATCH
chr6:30789424:G:A	0|1	0|1	MATCH	MATCH
chr6:30790710:A:G	0|1	0|1	MATCH	MATCH
chr6:30792404:G:A	1|0	1|0	MATCH	MATCH
chr6:30792612:A:C	1|0	1|0	MATCH	MATCH
chr6:30792921:G:T	1|0	1|0	MATCH	MATCH
chr6:30793109:A:G	1|0	1|0	MATCH	MATCH
chr6:30793224:C:T	1|0	1|0	MATCH	MATCH
chr6:30793327:C:T	1|0	1|0	MATCH	MATCH
chr6:30793352:A:G	0|1	0|1	MATCH	MATCH
chr6:30793391:A:G	0|1	0|1	MATCH	MATCH
chr6:30793457:C:T	1|0	1|0	MATCH	MATCH
chr6:30793632:C:T	1|0	1|0	MATCH	MATCH
chr6:30793957:T:C	1|0	1|0	MATCH	MATCH
chr6:30794291:A:G	1|0	1|0	MATCH	MATCH
chr6:30794388:G:A	1|0	1|0	MATCH	MATCH
chr6:30795227:T:C	1|0	1|0	MATCH	MATCH
chr6:30795371:G:A	1|0	1|0	MATCH	MATCH
chr6:30795879:T:A	1|0	1|0	MATCH	MATCH
chr6:30796766:A:G	0|1	0|1	MATCH	MATCH
chr6:30797130:G:A	1|0	1|0	MATCH	MATCH
chr6:30797445:A:G	1|0	1|0	MATCH	MATCH
chr6:30797772:G:T	0|1	0|1	MATCH	MATCH
chr6:30797802:C:A	1|0	1|0	MATCH	MATCH
chr6:30798434:T:C	1|0	1|0	MATCH	MATCH
chr6:30798547:G:A	1|0	1|0	MATCH	MATCH
chr6:30798856:A:T	1|0	1|0	MATCH	MATCH
chr6:30798963:A:G	1|0	1|0	MATCH	MATCH
chr6:30798988:C:G	1|0	1|0	MATCH	MATCH
chr6:30799168:A:G	1|0	1|0	MATCH	MATCH
chr6:30799236:A:G	1|0	1|0	MATCH	MATCH
chr6:30799352:C:T	1|0	1|0	MATCH	MATCH
chr6:30799761:A:C	1|0	1|0	MATCH	MATCH
chr6:30799850:T:C	1|0	1|0	MATCH	MATCH
chr6:30800092:C:T	1|0	1|0	MATCH	MATCH
chr6:30800571:C:G	1|0	1|0	MATCH	MATCH
chr6:30800635:C:T	1|0	1|0	MATCH	MATCH
chr6:30800649:T:C	1|0	1|0	MATCH	MATCH
chr6:30800806:A:G	1|0	1|0	MATCH	MATCH
chr6:30800859:T:C	1|0	1|0	MATCH	MATCH
chr6:30801095:C:G	1|0	1|0	MATCH	MATCH
chr6:30801096:T:G	1|0	1|0	MATCH	MATCH
chr6:30801178:A:G	1|0	1|0	MATCH	MATCH
chr6:30801195:A:G	1|0	1|0	MATCH	MATCH
chr6:30801361:A:G	1|0	1|0	MATCH	MATCH
chr6:30801788:T:C	1|0	1|0	MATCH	MATCH
chr6:30801910:A:G	1|0	1|0	MATCH	MATCH
chr6:30801995:C:G	1|0	1|0	MATCH	MATCH
chr6:30802060:T:C	1|0	1|0	MATCH	MATCH
chr6:30802223:C:T	1|0	1|0	MATCH	MATCH
chr6:30802598:A:G	1|0	1|0	MATCH	MATCH
chr6:30802622:G:A	1|0	1|0	MATCH	MATCH
chr6:30802955:T:G	1|0	1|0	MATCH	MATCH
chr6:30803001:C:G	1|0	1|0	MATCH	MATCH
chr6:30803261:G:A	1|0	1|0	MATCH	MATCH
chr6:30803309:T:C	1|0	1|0	MATCH	MATCH
chr6:30803377:C:A	1|0	1|0	MATCH	MATCH
chr6:30803694:A:G	1|0	1|0	MATCH	MATCH
chr6:30803742:C:T	1|0	1|0	MATCH	MATCH
chr6:30803797:A:G	1|0	1|0	MATCH	MATCH
chr6:30804567:A:G	1|0	1|0	MATCH	MATCH
chr6:30805085:G:A	1|0	1|0	MATCH	MATCH
chr6:30805138:A:T	1|0	1|0	MATCH	MATCH
chr6:30805572:C:T	1|0	1|0	MATCH	MATCH
chr6:30805812:G:A	1|0	1|0	MATCH	MATCH
chr6:30805863:C:T	1|0	1|0	MATCH	MATCH
chr6:30806122:T:C	1|0	1|0	MATCH	MATCH
chr6:30806195:G:A	0|1	0|1	MATCH	MATCH
chr6:30806697:C:A	1|0	1|0	MATCH	MATCH
chr6:30806745:T:C	1|0	1|0	MATCH	MATCH
chr6:30806807:C:T	1|0	1|0	MATCH	MATCH
chr6:30806910:G:A	1|0	1|0	MATCH	MATCH
chr6:30806947:CA:C	1|0	1|0	MATCH	MATCH
chr6:30807256:G:C	1|0	1|0	MATCH	MATCH
chr6:30807387:C:T	1|0	1|0	MATCH	MATCH
chr6:30807478:T:C	1|0	1|0	MATCH	MATCH
chr6:30807956:G:C	1|0	1|0	MATCH	MATCH
chr6:30808028:C:G	1|0	1|0	MATCH	MATCH
chr6:30808133:C:CCTGT	1|0	1|0	MATCH	MATCH
chr6:30808164:C:G	1|0	1|0	MATCH	MATCH
chr6:30808397:C:T	1|0	1|0	MATCH	MATCH
chr6:30808418:G:C	1|0	1|0	MATCH	MATCH
chr6:30808420:G:A	1|0	1|0	MATCH	MATCH
chr6:30808452:T:C	1|0	1|0	MATCH	MATCH
chr6:30808455:G:A	1|0	1|0	MATCH	MATCH
chr6:30808616:G:A	1|0	1|0	MATCH	MATCH
chr6:30808692:AT:A	0|1	0|1	MATCH	MATCH
chr6:30808706:T:C	1|0	1|0	MATCH	MATCH
chr6:30808948:G:A	1|0	1|0	MATCH	MATCH
chr6:30809025:C:T	1|0	1|0	MATCH	MATCH
chr6:30809081:A:G	1|0	1|0	MATCH	MATCH
chr6:30809372:C:T	1|0	1|0	MATCH	MATCH
chr6:30809460:A:C	1|0	1|0	MATCH	MATCH
chr6:30809481:T:C	1|0	1|0	MATCH	MATCH
chr6:30809827:A:G	1|0	1|0	MATCH	MATCH
chr6:30809871:A:C	1|0	1|0	MATCH	MATCH
chr6:30810426:G:A	1|0	1|0	MATCH	MATCH
chr6:30810626:T:C	1|0	1|0	MATCH	MATCH
chr6:30810654:G:C	1|0	1|0	MATCH	MATCH
chr6:30810908:G:C	1|0	1|0	MATCH	MATCH
chr6:30810916:C:T	1|0	1|0	MATCH	MATCH
chr6:30811009:A:G	1|0	1|0	MATCH	MATCH
chr6:30811306:G:GC	1|0	1|0	MATCH	MATCH
chr6:30811369:T:C	1|0	1|0	MATCH	MATCH
chr6:30813971:A:C	1|0	1|0	MATCH	MATCH
chr6:30814146:T:C	1|0	1|0	MATCH	MATCH
chr6:30814328:T:C	1|0	1|0	MATCH	MATCH
chr6:30814428:G:C	0|1	0|1	MATCH	MATCH
chr6:30814458:G:A	1|0	1|0	MATCH	MATCH
chr6:30814584:G:A	1|0	1|0	MATCH	MATCH
chr6:30814630:A:G	1|0	1|0	MATCH	MATCH
chr6:30814882:T:G	1|0	1|0	MATCH	MATCH
chr6:30814895:C:G	1|0	1|0	MATCH	MATCH
chr6:30815106:T:C	1|0	1|0	MATCH	MATCH
chr6:30815172:GCT:G	0|1	0|1	MATCH	MATCH
chr6:30815202:T:C	1|0	1|0	MATCH	MATCH
chr6:30815322:T:C	1|0	1|0	MATCH	MATCH
chr6:30815372:G:A	0|1	0|1	MATCH	MATCH
chr6:30815427:A:AT	1|0	1|0	MATCH	MATCH
chr6:30815927:A:G	1|0	0|0	DIFF	ERROR
chr6:30816200:G:A	1|0	1|0	MATCH	MATCH
chr6:30816332:G:C	1|0	1|0	MATCH	MATCH
chr6:30816393:G:T	1|0	1|0	MATCH	MATCH
chr6:30816481:C:G	1|0	1|0	MATCH	MATCH
chr6:30816482:C:T	1|0	1|0	MATCH	MATCH
chr6:30816519:C:T	1|0	1|0	MATCH	MATCH
chr6:30816776:A:G	1|0	1|0	MATCH	MATCH
chr6:30816923:G:C	1|0	1|0	MATCH	MATCH
chr6:30817496:T:C	1|0	1|0	MATCH	MATCH
chr6:30818109:G:T	1|0	1|0	MATCH	MATCH
chr6:30818899:G:A	1|0	1|0	MATCH	MATCH
chr6:30819055:CT:C	1|0	1|0	MATCH	MATCH
chr6:30819150:C:T	1|0	1|0	MATCH	MATCH
chr6:30819351:C:T	0|1	0|1	MATCH	MATCH
chr6:30819398:G:A	1|0	1|0	MATCH	MATCH
chr6:30819464:G:A	1|0	1|0	MATCH	MATCH
chr6:30819532:C:CT	1|0	1|0	MATCH	MATCH
chr6:30819717:A:T	1|0	1|0	MATCH	MATCH
chr6:30819816:G:A	1|0	1|0	MATCH	MATCH
chr6:30820726:C:A	1|0	1|0	MATCH	MATCH
chr6:30820914:A:G	1|0	1|0	MATCH	MATCH
chr6:30821870:G:C	0|1	0|1	MATCH	MATCH
chr6:30821917:T:G	0|1	0|1	MATCH	MATCH
chr6:30822022:C:T	1|0	1|0	MATCH	MATCH
chr6:30822142:G:A	0|1	0|1	MATCH	MATCH
chr6:30822189:A:AAC	1|0	1|0	MATCH	MATCH
chr6:30822827:G:T	1|0	1|0	MATCH	MATCH
chr6:30823021:C:T	1|0	1|0	MATCH	MATCH
chr6:30823062:C:T	1|0	1|0	MATCH	MATCH
chr6:30823632:C:T	1|0	1|0	MATCH	MATCH
chr6:30824194:A:G	1|0	1|0	MATCH	MATCH
chr6:30824280:A:G	1|0	1|0	MATCH	MATCH
chr6:30824921:T:C	1|0	1|0	MATCH	MATCH
chr6:30825278:G:A	1|0	1|0	MATCH	MATCH
chr6:30825421:C:T	1|0	1|0	MATCH	MATCH
chr6:30825537:A:G	1|0	1|0	MATCH	MATCH
chr6:30826160:T:C	1|0	1|0	MATCH	MATCH
chr6:30826227:A:T	1|0	1|0	MATCH	MATCH
chr6:30826569:T:C	1|0	1|0	MATCH	MATCH
chr6:30826628:G:A	1|0	1|0	MATCH	MATCH
chr6:30827231:C:T	1|0	1|0	MATCH	MATCH
chr6:30828296:T:G	1|0	1|0	MATCH	MATCH
chr6:30828494:A:G	1|0	1|0	MATCH	MATCH
chr6:30829306:C:T	1|0	1|0	MATCH	MATCH
chr6:30829438:C:T	0|1	0|1	MATCH	MATCH
chr6:30829791:A:C	0|1	0|1	MATCH	MATCH
chr6:30831266:C:T	0|1	0|1	MATCH	MATCH
chr6:30831295:A:G	0|1	0|1	MATCH	MATCH
chr6:30831622:T:A	1|0	1|0	MATCH	MATCH
chr6:30832291:G:A	0|1	0|1	MATCH	MATCH
chr6:30832800:C:T	0|1	0|1	MATCH	MATCH
chr6:30833092:AATCT:A	0|1	0|1	MATCH	MATCH
chr6:30833135:TTCTC:T	0|1	0|1	MATCH	MATCH
chr6:30834022:C:A	0|1	0|1	MATCH	MATCH
chr6:30835477:A:T	0|1	0|1	MATCH	MATCH
chr6:30835842:A:G	0|1	0|1	MATCH	MATCH
chr6:30837155:C:T	0|1	0|1	MATCH	MATCH
chr6:30838144:C:T	0|1	0|1	MATCH	MATCH
chr6:30838741:C:T	0|1	0|1	MATCH	MATCH
chr6:30839958:T:G	0|1	0|1	MATCH	MATCH
chr6:30840171:A:G	0|1	0|1	MATCH	MATCH
chr6:30840571:T:G	0|1	0|1	MATCH	MATCH
chr6:30840985:C:T	0|1	0|1	MATCH	MATCH
chr6:30841361:T:G	1|0	1|0	MATCH	MATCH
chr6:30842087:A:G	0|1	0|1	MATCH	MATCH
chr6:30842307:A:G	0|1	0|1	MATCH	MATCH
chr6:30842370:C:T	0|1	0|1	MATCH	MATCH
chr6:30842549:T:A	0|1	0|1	MATCH	MATCH
chr6:30844720:A:G	0|1	0|1	MATCH	MATCH
chr6:30845515:C:A	0|1	0|1	MATCH	MATCH
chr6:30846104:A:G	0|1	0|1	MATCH	MATCH
chr6:30846766:T:C	0|1	0|1	MATCH	MATCH
chr6:30848168:C:T	0|1	0|1	MATCH	MATCH
chr6:30848174:C:T	0|1	0|1	MATCH	MATCH
chr6:30848493:G:A	0|1	0|1	MATCH	MATCH
chr6:30848965:A:C	0|1	0|1	MATCH	MATCH
chr6:30849724:G:A	0|1	0|1	MATCH	MATCH
chr6:30850089:A:G	0|1	0|1	MATCH	MATCH
chr6:30850102:C:T	0|1	0|1	MATCH	MATCH
chr6:30850768:A:G	0|1	0|1	MATCH	MATCH
chr6:30850907:G:C	0|1	0|1	MATCH	MATCH
chr6:30851376:T:C	0|1	0|1	MATCH	MATCH
chr6:30851382:G:A	0|1	0|1	MATCH	MATCH
chr6:30851480:G:A	0|1	0|1	MATCH	MATCH
chr6:30851688:A:G	0|1	0|1	MATCH	MATCH
chr6:30852117:C:T	0|1	0|1	MATCH	MATCH
chr6:30852118:A:G	0|1	0|1	MATCH	MATCH
chr6:30852979:A:G	0|1	0|1	MATCH	MATCH
chr6:30853584:C:T	1|0	1|0	MATCH	MATCH
chr6:30853669:C:T	0|1	0|1	MATCH	MATCH
chr6:30854994:C:A	0|1	0|1	MATCH	MATCH
chr6:30855589:T:A	1|0	1|0	MATCH	MATCH
chr6:30855933:T:A	0|1	0|1	MATCH	MATCH
chr6:30856865:C:T	0|1	0|1	MATCH	MATCH
chr6:30856872:C:T	0|1	0|1	MATCH	MATCH
chr6:30857964:G:A	1|0	1|0	MATCH	MATCH
chr6:30858771:A:G	0|1	0|1	MATCH	MATCH
chr6:30859377:A:G	0|1	0|1	MATCH	MATCH
chr6:30860356:G:T	0|1	0|1	MATCH	MATCH
chr6:30860829:G:T	0|1	0|1	MATCH	MATCH
chr6:30861183:C:T	0|1	0|1	MATCH	MATCH
chr6:30862562:G:C	0|1	0|1	MATCH	MATCH
chr6:30864066:T:C	0|1	0|1	MATCH	MATCH
chr6:30864286:C:T	0|1	0|1	MATCH	MATCH
chr6:30864342:T:C	0|1	0|1	MATCH	MATCH
chr6:30864580:T:C	0|1	0|1	MATCH	MATCH
chr6:30865033:T:C	0|1	0|1	MATCH	MATCH
chr6:30865304:C:T	0|1	0|1	MATCH	MATCH
chr6:30865339:G:A	0|1	0|1	MATCH	MATCH
chr6:30866457:G:A	0|1	0|1	MATCH	MATCH
chr6:30866943:C:A	0|1	0|1	MATCH	MATCH
chr6:30867051:A:C	0|1	0|1	MATCH	MATCH
chr6:30867875:T:G	0|1	0|1	MATCH	MATCH
chr6:30868334:T:C	0|1	0|1	MATCH	MATCH
chr6:30868712:TC:T	0|1	0|1	MATCH	MATCH
chr6:30869207:C:G	0|1	0|1	MATCH	MATCH
chr6:30869373:G:C	0|1	0|1	MATCH	MATCH
chr6:30869384:G:A	0|1	0|1	MATCH	MATCH
chr6:30869677:AT:A	0|1	0|1	MATCH	MATCH
chr6:30869869:T:C	0|1	0|1	MATCH	MATCH
chr6:30870911:T:G	0|1	0|1	MATCH	MATCH
chr6:30871653:C:T	0|1	0|1	MATCH	MATCH
chr6:30871852:C:T	0|1	0|1	MATCH	MATCH
chr6:30872370:T:C	0|1	0|1	MATCH	MATCH
chr6:30872911:A:G	0|1	0|1	MATCH	MATCH
chr6:30873173:C:T	0|1	0|1	MATCH	MATCH
chr6:30874219:G:A	0|1	0|1	MATCH	MATCH
chr6:30874609:C:T	0|1	0|1	MATCH	MATCH
chr6:30875015:T:C	0|1	0|1	MATCH	MATCH
chr6:30875393:A:G	0|1	0|1	MATCH	MATCH
chr6:30876483:G:A	0|1	0|1	MATCH	MATCH
chr6:30876537:T:C	0|1	0|1	MATCH	MATCH
chr6:30878319:C:G	1|0	1|0	MATCH	MATCH
chr6:30879053:G:T	0|1	0|1	MATCH	MATCH
chr6:30879142:A:C	1|0	1|0	MATCH	MATCH
chr6:30879933:G:C	0|1	0|1	MATCH	MATCH
chr6:30880222:C:T	1|0	1|0	MATCH	MATCH
chr6:30880476:T:C	1|0	1|0	MATCH	MATCH
chr6:30881347:A:T	1|0	1|0	MATCH	MATCH
chr6:30882045:G:A	1|0	1|0	MATCH	MATCH
chr6:30882365:A:G	1|0	1|0	MATCH	MATCH
chr6:30882414:T:C	1|0	1|0	MATCH	MATCH
chr6:30883417:C:G	1|0	1|0	MATCH	MATCH
chr6:30883528:G:C	1|0	1|0	MATCH	MATCH
chr6:30884970:C:T	1|0	1|0	MATCH	MATCH
chr6:30885658:G:A	1|0	1|0	MATCH	MATCH
chr6:30886313:G:T	1|0	1|0	MATCH	MATCH
chr6:30887474:G:A	1|0	1|0	MATCH	MATCH
chr6:30888130:G:A	1|0	1|0	MATCH	MATCH
chr6:30889295:G:C	1|0	1|0	MATCH	MATCH
chr6:30889765:G:A	1|0	1|0	MATCH	MATCH
chr6:30890211:T:C	1|0	1|0	MATCH	MATCH
chr6:30890470:C:G	1|0	1|0	MATCH	MATCH
chr6:30890477:T:C	1|0	1|0	MATCH	MATCH
chr6:30891080:C:T	1|0	1|0	MATCH	MATCH
chr6:30891743:C:T	1|0	1|0	MATCH	MATCH
chr6:30893223:C:T	0|1	0|1	MATCH	MATCH
chr6:30893448:G:A	1|0	1|0	MATCH	MATCH
chr6:30896923:C:T	0|1	0|1	MATCH	MATCH
chr6:30897052:T:C	1|0	1|0	MATCH	MATCH
chr6:30897338:G:A	1|0	1|0	MATCH	MATCH
chr6:30897427:A:C	1|0	1|0	MATCH	MATCH
chr6:30897948:C:T	1|0	1|0	MATCH	MATCH
chr6:30898565:C:G	1|0	1|0	MATCH	MATCH
chr6:30899329:C:T	1|0	1|0	MATCH	MATCH
chr6:30899889:T:C	1|0	1|0	MATCH	MATCH
chr6:30900181:T:C	1|0	1|0	MATCH	MATCH
chr6:30900456:G:C	1|0	1|0	MATCH	MATCH
chr6:30900851:T:C	1|0	1|0	MATCH	MATCH
chr6:30901623:T:C	1|0	1|0	MATCH	MATCH
chr6:30901816:G:A	1|0	1|0	MATCH	MATCH
chr6:30901937:C:T	1|0	1|0	MATCH	MATCH
chr6:30902391:G:T	1|0	1|0	MATCH	MATCH
chr6:30902686:A:G	1|0	1|0	MATCH	MATCH
chr6:30902986:T:C	1|0	1|0	MATCH	MATCH
chr6:30903223:T:C	1|0	1|0	MATCH	MATCH
chr6:30903224:G:A	1|0	1|0	MATCH	MATCH
chr6:30903408:G:A	1|0	1|0	MATCH	MATCH
chr6:30903672:G:C	1|0	1|0	MATCH	MATCH
chr6:30903732:C:T	1|0	1|0	MATCH	MATCH
chr6:30903842:C:A	1|0	1|0	MATCH	MATCH
chr6:30904093:C:T	1|0	1|0	MATCH	MATCH
chr6:30904922:T:C	1|0	1|0	MATCH	MATCH
chr6:30904955:G:A	1|0	1|0	MATCH	MATCH
chr6:30905264:G:A	0|1	0|1	MATCH	MATCH
chr6:30905781:C:T	1|0	1|0	MATCH	MATCH
chr6:30906109:T:C	1|0	1|0	MATCH	MATCH
chr6:30906388:T:C	1|0	1|0	MATCH	MATCH
chr6:30906607:A:AC	1|0	1|0	MATCH	MATCH
chr6:30906736:A:G	1|0	1|0	MATCH	MATCH
chr6:30907020:C:T	1|0	1|0	MATCH	MATCH
chr6:30907317:GTA:G	1|0	1|0	MATCH	MATCH
chr6:30907368:T:C	1|0	1|0	MATCH	MATCH
chr6:30907845:T:C	1|0	1|0	MATCH	MATCH
chr6:30907887:G:T	1|0	1|0	MATCH	MATCH
chr6:30908122:A:G	0|1	0|1	MATCH	MATCH
chr6:30908257:G:T	1|0	1|0	MATCH	MATCH
chr6:30908375:C:T	1|0	1|0	MATCH	MATCH
chr6:30908461:G:A	1|0	1|0	MATCH	MATCH
chr6:30908661:G:A	1|0	1|0	MATCH	MATCH
chr6:30909219:G:C	1|0	1|0	MATCH	MATCH
chr6:30909277:G:A	1|0	1|0	MATCH	MATCH
chr6:30909425:T:C	1|0	1|0	MATCH	MATCH
chr6:30909983:A:C	1|0	1|0	MATCH	MATCH
chr6:30910802:A:T	1|0	1|0	MATCH	MATCH
chr6:30910992:C:T	1|0	1|0	MATCH	MATCH
chr6:30911142:T:C	1|0	1|0	MATCH	MATCH
chr6:30912980:G:A	0|1	0|1	MATCH	MATCH
chr6:30914500:C:T	0|1	0|1	MATCH	MATCH
chr6:30914736:A:G	0|1	0|1	MATCH	MATCH
chr6:30914857:C:T	0|1	0|1	MATCH	MATCH
chr6:30915004:G:T	0|1	0|1	MATCH	MATCH
chr6:30915079:A:G	0|1	0|1	MATCH	MATCH
chr6:30916143:C:T	0|1	0|1	MATCH	MATCH
chr6:30916185:G:A	1|0	1|0	MATCH	MATCH
chr6:30916554:CG:C	0|1	0|1	MATCH	MATCH
chr6:30917029:A:C	0|1	0|1	MATCH	MATCH
chr6:30917862:A:G	0|1	0|1	MATCH	MATCH
chr6:30917909:T:A	0|1	0|1	MATCH	MATCH
chr6:30918044:G:A	0|1	0|1	MATCH	MATCH
chr6:30918062:TTTTG:T	0|1	0|1	MATCH	MATCH
chr6:30918238:T:G	0|1	0|1	MATCH	MATCH
chr6:30918302:G:A	0|1	0|1	MATCH	MATCH
chr6:30918341:C:T	1|0	1|0	MATCH	MATCH
chr6:30918573:C:G	0|1	0|1	MATCH	MATCH
chr6:30919430:C:T	0|1	0|1	MATCH	MATCH
chr6:30919534:C:T	0|1	0|1	MATCH	MATCH
chr6:30919567:T:C	0|1	0|1	MATCH	MATCH
chr6:30920195:C:T	1|0	1|0	MATCH	MATCH
chr6:30920211:C:T	0|1	0|1	MATCH	MATCH
chr6:30920392:G:A	0|1	0|1	MATCH	MATCH
chr6:30921343:A:G	0|1	0|1	MATCH	MATCH
chr6:30921612:T:C	1|0	1|0	MATCH	MATCH
chr6:30922278:T:C	0|1	0|1	MATCH	MATCH
chr6:30922706:G:T	0|1	0|1	MATCH	MATCH
chr6:30922792:G:T	0|1	0|1	MATCH	MATCH
chr6:30923918:G:C,T	1|2	1|2	MATCH	MATCH
chr6:30923927:C:CCG	0|1	0|1	MATCH	MATCH
chr6:30924545:C:T	0|1	0|1	MATCH	MATCH
chr6:30925222:AC:A	1|0	1|0	MATCH	MATCH
chr6:30925350:G:A	1|0	1|0	MATCH	MATCH
chr6:30925449:C:G	0|1	0|1	MATCH	MATCH
chr6:30925474:G:A	0|1	0|1	MATCH	MATCH
chr6:30925651:G:A	0|1	0|1	MATCH	MATCH
chr6:30926054:G:A	0|1	0|1	MATCH	MATCH
chr6:30926567:G:A	0|1	0|1	MATCH	MATCH
chr6:30926631:A:C	0|1	0|1	MATCH	MATCH
chr6:30926639:GACTA:G	0|1	0|1	MATCH	MATCH
chr6:30926796:C:T	0|1	0|1	MATCH	MATCH
chr6:30927487:C:T	0|1	0|1	MATCH	MATCH
chr6:30927516:A:G	0|1	0|1	MATCH	MATCH
chr6:30927815:G:A	0|1	0|1	MATCH	MATCH
chr6:30927903:C:T	1|0	1|0	MATCH	MATCH
chr6:30927948:G:A	0|1	0|1	MATCH	MATCH
chr6:30928213:A:G	1|0	1|0	MATCH	MATCH
chr6:30928370:G:A	1|0	1|0	MATCH	MATCH
chr6:30928413:T:C	0|1	0|1	MATCH	MATCH
chr6:30928622:T:C	0|1	0|1	MATCH	MATCH
chr6:30928977:G:C	1|0	1|0	MATCH	MATCH
chr6:30929997:A:G	0|1	0|1	MATCH	MATCH
chr6:30930518:A:G	0|1	0|1	MATCH	MATCH
chr6:30930657:A:G	0|1	0|1	MATCH	MATCH
chr6:30930664:A:G	0|1	0|1	MATCH	MATCH
chr6:30930665:C:T	0|1	0|1	MATCH	MATCH
chr6:30930910:C:T	0|1	0|1	MATCH	MATCH
chr6:30931300:C:T	1|0	1|0	MATCH	MATCH
chr6:30931456:C:T	1|0	1|0	MATCH	MATCH
chr6:30931794:C:T	1|0	1|0	MATCH	MATCH
chr6:30931969:G:A	1|0	1|0	MATCH	MATCH
chr6:30932622:C:G	1|0	1|0	MATCH	MATCH
chr6:30934118:C:G	1|0	1|0	MATCH	MATCH
chr6:30934149:T:C	1|0	1|0	MATCH	MATCH
chr6:30934232:G:T	1|0	1|0	MATCH	MATCH
chr6:30934404:C:T	1|0	1|0	MATCH	MATCH
chr6:30936171:C:T	1|0	1|0	MATCH	MATCH
chr6:30936937:G:A	1|0	1|0	MATCH	MATCH
chr6:30940311:C:T	1|0	1|0	MATCH	MATCH
chr6:30940489:G:A	1|0	1|0	MATCH	MATCH
chr6:30941631:T:C	0|1	0|1	MATCH	MATCH
chr6:30942479:C:T	1|0	1|0	MATCH	MATCH
chr6:30944637:G:A	1|0	1|0	MATCH	MATCH
chr6:30944704:G:A	0|1	0|1	MATCH	MATCH
chr6:30945123:G:A	0|1	0|1	MATCH	MATCH
chr6:30948941:G:A	0|1	0|1	MATCH	MATCH
chr6:30951924:T:C	0|1	0|1	MATCH	MATCH
chr6:30952069:C:A	1|0	1|0	MATCH	MATCH
chr6:30953180:G:A	1|0	1|0	MATCH	MATCH
chr6:30953587:C:T	1|0	1|0	MATCH	MATCH
chr6:30954105:T:C	1|0	1|0	MATCH	MATCH
chr6:30954793:C:G	0|1	0|1	MATCH	MATCH
chr6:30955622:G:A	1|0	1|0	MATCH	MATCH
chr6:30955852:C:T	0|1	0|1	MATCH	MATCH
chr6:30956247:C:T	1|0	1|0	MATCH	MATCH
chr6:30960540:T:A	0|1	0|1	MATCH	MATCH
chr6:30960980:C:T	1|0	1|0	MATCH	MATCH
chr6:30962856:A:G	1|0	1|0	MATCH	MATCH
chr6:30963468:C:T	0|1	0|1	MATCH	MATCH
chr6:30964755:C:T	1|0	1|0	MATCH	MATCH
chr6:30964829:G:A	0|1	0|1	MATCH	MATCH
chr6:30965299:G:A	0|1	0|1	MATCH	MATCH
chr6:30965740:A:G	0|1	0|1	MATCH	MATCH
chr6:30968521:A:G	1|0	1|0	MATCH	MATCH
chr6:30969137:C:A	1|0	1|0	MATCH	MATCH
chr6:30969573:G:A	1|0	1|0	MATCH	MATCH
chr6:30970696:T:C	0|1	0|1	MATCH	MATCH
chr6:30972551:G:A	1|0	1|0	MATCH	MATCH
chr6:30972792:G:C	1|0	1|0	MATCH	MATCH
chr6:30975401:A:C	0|1	0|1	MATCH	MATCH
chr6:30976802:C:T	1|0	1|0	MATCH	MATCH
chr6:30978719:T:G	1|0	1|0	MATCH	MATCH
chr6:30982160:G:T	1|0	1|0	MATCH	MATCH
chr6:30984953:C:T	1|0	1|0	MATCH	MATCH
chr6:30989989:T:C	0|1	0|1	MATCH	MATCH
chr6:30990165:G:C	1|0	1|0	MATCH	MATCH
chr6:30990240:G:A	1|0	1|0	MATCH	MATCH
chr6:30990645:A:T	1|0	1|0	MATCH	MATCH
chr6:30990928:C:T	1|0	1|0	MATCH	MATCH
chr6:30991070:AG:A	1|0	1|0	MATCH	MATCH
chr6:30991659:G:A	1|0	1|0	MATCH	MATCH
chr6:30994936:CAG:C	0|1	0|1	MATCH	MATCH
chr6:30995132:T:A	1|0	1|0	MATCH	MATCH
chr6:30999024:C:T	1|0	1|0	MATCH	MATCH
chr6:31001527:C:A	0|1	0|1	MATCH	MATCH
chr6:31008426:G:A	0|1	0|1	MATCH	MATCH
chr6:31008870:C:T	1|0	1|0	MATCH	MATCH
chr6:31011426:A:C	0|1	0|1	MATCH	MATCH
chr6:31012016:G:A	1|0	1|0	MATCH	MATCH
chr6:31012238:G:A	0|1	0|1	MATCH	MATCH
chr6:31012400:C:G	1|0	1|0	MATCH	MATCH
chr6:31012473:G:C	1|0	1|0	MATCH	MATCH
chr6:31012687:CTT:C	1|0	1|0	MATCH	MATCH
chr6:31012908:A:G	0|1	0|1	MATCH	MATCH
chr6:31013095:C:T	0|1	0|1	MATCH	MATCH
chr6:31013195:C:T	1|0	1|0	MATCH	MATCH
chr6:31013277:C:G	0|1	0|1	MATCH	MATCH
chr6:31013476:C:T	1|0	1|0	MATCH	MATCH
chr6:31013564:G:A	1|0	1|0	MATCH	MATCH
chr6:31013584:C:G	1|0	1|0	MATCH	MATCH
chr6:31014036:T:A	0|1	0|1	MATCH	MATCH
chr6:31014216:TA:T	0|1	0|1	MATCH	MATCH
chr6:31014219:T:C	1|0	1|0	MATCH	MATCH
chr6:31014347:TGAGCAATCCCATTTGGAAGCCTCTGTCCAACCA:T	1|0	1|0	MATCH	MATCH
chr6:31014608:G:A	1|0	1|0	MATCH	MATCH
chr6:31014883:G:A	1|0	1|0	MATCH	MATCH
chr6:31014905:G:T	0|1	0|1	MATCH	MATCH
chr6:31014946:C:T	1|0	1|0	MATCH	MATCH
chr6:31015171:G:A	0|1	0|1	MATCH	MATCH
chr6:31015576:CA:C	0|1	0|1	MATCH	MATCH
chr6:31015863:A:AT	1|0	1|0	MATCH	MATCH
chr6:31015906:T:C	1|0	1|0	MATCH	MATCH
chr6:31015915:G:T	1|0	1|0	MATCH	MATCH
chr6:31016088:G:A	0|1	0|1	MATCH	MATCH
chr6:31016146:T:C	0|1	0|1	MATCH	MATCH
chr6:31016750:C:T	0|1	0|1	MATCH	MATCH
chr6:31016817:G:A	1|0	1|0	MATCH	MATCH
chr6:31016967:G:A	0|1	0|1	MATCH	MATCH
chr6:31016991:G:A	0|1	0|1	MATCH	MATCH
chr6:31017191:G:A	0|1	0|1	MATCH	MATCH
chr6:31017226:A:G	1|0	1|0	MATCH	MATCH
chr6:31017519:G:C	1|0	1|0	MATCH	MATCH
chr6:31017754:C:T	0|1	0|1	MATCH	MATCH
chr6:31017776:A:G	0|1	0|1	MATCH	MATCH
chr6:31017853:T:C	1|0	1|0	MATCH	MATCH
chr6:31017909:C:T	0|1	0|1	MATCH	MATCH
chr6:31017915:CTT:C	1|0	1|0	MATCH	MATCH
chr6:31017931:C:T	0|1	0|1	MATCH	MATCH
chr6:31018032:T:C	1|0	1|0	MATCH	MATCH
chr6:31018095:C:T	1|0	1|0	MATCH	MATCH
chr6:31018108:G:C	1|0	1|0	MATCH	MATCH
chr6:31018360:T:C	0|1	0|1	MATCH	MATCH
chr6:31018867:T:C	0|1	0|1	MATCH	MATCH
chr6:31018887:C:A	1|0	1|0	MATCH	MATCH
chr6:31019233:G:T	1|0	1|0	MATCH	MATCH
chr6:31019706:T:C	0|1	0|1	MATCH	MATCH
chr6:31019707:A:G	0|1	0|1	MATCH	MATCH
chr6:31019800:G:A	1|0	1|0	MATCH	MATCH
chr6:31020066:G:C	1|0	1|0	MATCH	MATCH
chr6:31020122:T:C	1|0	1|0	MATCH	MATCH
chr6:31020128:G:A	0|1	0|1	MATCH	MATCH
chr6:31020129:C:G	1|0	1|0	MATCH	MATCH
chr6:31020204:C:G	0|1	0|1	MATCH	MATCH
chr6:31020646:C:T	0|1	0|1	MATCH	MATCH
chr6:31020700:C:G	1|0	1|0	MATCH	MATCH
chr6:31020752:C:T	0|1	0|1	MATCH	MATCH
chr6:31020960:G:C	1|0	1|0	MATCH	MATCH
chr6:31021094:C:T	1|0	1|0	MATCH	MATCH
chr6:31021108:C:T	1|0	1|0	MATCH	MATCH
chr6:31021118:A:G	0|1	0|1	MATCH	MATCH
chr6:31021132:G:A	0|1	0|1	MATCH	MATCH
chr6:31021588:A:G,*	1|2	1|2	MATCH	MATCH
chr6:31021689:C:T	1|0	1|0	MATCH	MATCH
chr6:31021704:T:A	1|0	1|0	MATCH	MATCH
chr6:31021760:C:T	1|0	1|0	MATCH	MATCH
chr6:31021974:C:T	0|1	0|1	MATCH	MATCH
chr6:31021981:C:A	1|0	1|0	MATCH	MATCH
chr6:31022280:C:G	1|0	1|0	MATCH	MATCH
chr6:31022322:G:A	0|1	0|1	MATCH	MATCH
chr6:31022396:A:C	0|1	0|1	MATCH	MATCH
chr6:31022442:T:C	1|0	1|0	MATCH	MATCH
chr6:31022447:A:G	1|0	1|0	MATCH	MATCH
chr6:31022549:G:T	0|1	0|1	MATCH	MATCH
chr6:31022558:TAAAA:T	0|1	0|1	MATCH	MATCH
chr6:31022593:T:C	1|0	1|0	MATCH	MATCH
chr6:31022820:A:G	0|1	0|1	MATCH	MATCH
chr6:31022834:C:T	0|1	0|1	MATCH	MATCH
chr6:31022999:G:A	1|0	1|0	MATCH	MATCH
chr6:31023565:C:T	1|0	1|0	MATCH	MATCH
chr6:31024391:T:C	1|0	1|0	MATCH	MATCH
chr6:31024518:A:G	1|0	1|0	MATCH	MATCH
chr6:31024947:T:C	0|1	0|1	MATCH	MATCH
chr6:31025218:C:T	1|0	1|0	MATCH	MATCH
chr6:31025942:A:G	0|1	0|1	MATCH	MATCH
chr6:31033366:A:G	1|0	1|0	MATCH	MATCH
chr6:31033400:T:C	1|0	1|0	MATCH	MATCH
chr6:31035924:T:C	1|0	1|0	MATCH	MATCH
chr6:31036583:C:A	0|1	0|1	MATCH	MATCH
chr6:31036744:G:A	1|0	1|0	MATCH	MATCH
chr6:31040553:T:C	1|0	1|0	MATCH	MATCH
chr6:31040821:C:A	0|1	0|1	MATCH	MATCH
chr6:31041360:T:C	0|1	0|1	MATCH	MATCH
chr6:31043406:T:C	1|0	1|0	MATCH	MATCH
chr6:31043625:T:A	1|0	1|0	MATCH	MATCH
chr6:31044773:C:T	1|0	1|0	MATCH	MATCH
chr6:31045954:G:A	1|0	1|0	MATCH	MATCH
chr6:31048110:A:G	1|0	1|0	MATCH	MATCH
chr6:31048369:G:A	0|1	0|1	MATCH	MATCH
chr6:31049137:G:C	0|1	0|1	MATCH	MATCH
chr6:31049201:C:A	0|1	0|1	MATCH	MATCH
chr6:31049557:A:G	0|1	0|1	MATCH	MATCH
chr6:31049570:T:C	0|1	0|1	MATCH	MATCH
chr6:31049857:A:G	0|1	0|1	MATCH	MATCH
chr6:31050630:A:G	0|1	0|1	MATCH	MATCH
chr6:31050671:A:C	0|1	0|1	MATCH	MATCH
chr6:31050769:C:T	0|1	0|1	MATCH	MATCH
chr6:31051065:A:C	0|1	0|1	MATCH	MATCH
chr6:31051239:T:TCA	0|1	0|1	MATCH	MATCH
chr6:31051438:C:T	0|1	0|1	MATCH	MATCH
chr6:31051698:T:C	0|1	0|1	MATCH	MATCH
chr6:31051718:G:A	0|1	0|1	MATCH	MATCH
chr6:31051740:A:G	0|1	0|1	MATCH	MATCH
chr6:31051838:G:A	0|1	0|1	MATCH	MATCH
chr6:31052193:A:G	0|1	0|1	MATCH	MATCH
chr6:31052280:T:C	0|1	0|1	MATCH	MATCH
chr6:31052375:T:C	0|1	0|1	MATCH	MATCH
chr6:31052494:A:G	0|1	0|1	MATCH	MATCH
chr6:31052583:T:C	0|1	0|1	MATCH	MATCH
chr6:31053044:A:G	0|1	0|1	MATCH	MATCH
chr6:31053301:A:G	0|1	0|1	MATCH	MATCH
chr6:31053548:T:C	0|1	0|1	MATCH	MATCH
chr6:31053727:T:C	1|0	1|0	MATCH	MATCH
chr6:31054979:GAGAAAGAAA:G	0|1	0|1	MATCH	MATCH
chr6:31056036:C:CT	1|0	1|0	MATCH	MATCH
chr6:31057936:C:A	1|0	1|0	MATCH	MATCH
chr6:31058191:G:A	1|0	1|0	MATCH	MATCH
chr6:31062404:T:C	0|1	0|1	MATCH	MATCH
chr6:31067671:T:C	1|0	1|0	MATCH	MATCH
chr6:31076518:C:T	0|1	0|1	MATCH	MATCH
chr6:31078717:G:A	1|0	1|0	MATCH	MATCH
chr6:31081215:G:A	1|0	1|0	MATCH	MATCH
chr6:31081445:T:A	1|0	1|0	MATCH	MATCH
chr6:31082093:A:G	1|0	1|0	MATCH	MATCH
chr6:31086604:A:G	1|0	1|0	MATCH	MATCH
chr6:31086910:T:C	1|0	1|0	MATCH	MATCH
chr6:31089837:A:C	1|0	1|0	MATCH	MATCH
chr6:31091013:A:G	1|0	1|0	MATCH	MATCH
chr6:31091430:C:T	1|0	1|0	MATCH	MATCH
chr6:31092585:G:T	1|0	1|0	MATCH	MATCH
chr6:31093804:A:G	0|1	0|1	MATCH	MATCH
chr6:31094890:T:C	1|0	1|0	MATCH	MATCH
chr6:31097340:G:A	0|1	0|1	MATCH	MATCH
chr6:31099434:A:G	1|0	1|0	MATCH	MATCH
chr6:31102539:A:T	1|0	1|0	MATCH	MATCH
chr6:31103454:C:T	1|0	1|0	MATCH	MATCH
chr6:31103477:T:C	1|0	1|0	MATCH	MATCH
chr6:31105590:C:T	1|0	1|0	MATCH	MATCH
chr6:31106253:A:C	1|0	1|0	MATCH	MATCH
chr6:31106539:G:C	1|0	1|0	MATCH	MATCH
chr6:31108620:T:A	1|0	1|0	MATCH	MATCH
chr6:31111027:G:A	1|0	1|0	MATCH	MATCH
chr6:31111888:G:A	1|0	1|0	MATCH	MATCH
chr6:31113288:T:C	1|0	1|0	MATCH	MATCH
chr6:31113632:T:C	0|1	0|1	MATCH	MATCH
chr6:31113998:G:T	1|0	1|0	MATCH	MATCH
chr6:31117010:A:G	0|1	0|1	MATCH	MATCH
chr6:31117563:G:A	0|1	0|1	MATCH	MATCH
chr6:31118905:C:T	1|0	1|0	MATCH	MATCH
chr6:31119283:C:T	1|0	1|0	MATCH	MATCH
chr6:31122301:T:G	1|0	1|0	MATCH	MATCH
chr6:31125413:G:A	1|0	1|0	MATCH	MATCH
chr6:31125810:G:A	1|0	1|0	MATCH	MATCH
chr6:31125922:G:A	1|0	1|0	MATCH	MATCH
chr6:31125999:A:G	1|0	1|0	MATCH	MATCH
chr6:31126170:A:G	0|1	0|1	MATCH	MATCH
chr6:31126343:G:C	1|0	1|0	MATCH	MATCH
chr6:31126377:G:T	1|0	1|0	MATCH	MATCH
chr6:31126536:CA:C	1|0	1|0	MATCH	MATCH
chr6:31126705:T:G	1|0	1|0	MATCH	MATCH
chr6:31126855:T:TG	1|0	1|0	MATCH	MATCH
chr6:31126951:A:G	1|0	1|0	MATCH	MATCH
chr6:31127026:G:T	1|0	1|0	MATCH	MATCH
chr6:31127230:A:G	1|0	1|0	MATCH	MATCH
chr6:31127274:C:T	1|0	1|0	MATCH	MATCH
chr6:31127289:T:C	1|0	1|0	MATCH	MATCH
chr6:31127311:G:A	1|0	1|0	MATCH	MATCH
chr6:31127508:G:C	1|0	1|0	MATCH	MATCH
chr6:31127517:A:G	0|1	0|1	MATCH	MATCH
chr6:31127643:A:G	1|0	1|0	MATCH	MATCH
chr6:31127684:A:C	1|0	1|0	MATCH	MATCH
chr6:31127689:T:A	1|0	1|0	MATCH	MATCH
chr6:31127828:T:C	1|0	1|0	MATCH	MATCH
chr6:31127842:TG:T	1|0	1|0	MATCH	MATCH
chr6:31128024:G:A	1|0	1|0	MATCH	MATCH
chr6:31128039:A:T	1|0	1|0	MATCH	MATCH
chr6:31128405:T:C	1|0	1|0	MATCH	MATCH
chr6:31128407:G:C	0|1	0|1	MATCH	MATCH
chr6:31128412:C:T	0|1	0|1	MATCH	MATCH
chr6:31128590:A:G	1|0	1|0	MATCH	MATCH
chr6:31128749:A:G	1|0	1|0	MATCH	MATCH
chr6:31129085:G:A	0|1	0|1	MATCH	MATCH
chr6:31129707:T:A	0|1	0|1	MATCH	MATCH
chr6:31130137:CTAAT:C	0|1	0|1	MATCH	MATCH
chr6:31130141:T:C,*	1|2	1|2	MATCH	MATCH
chr6:31131336:G:A	0|1	0|1	MATCH	MATCH
chr6:31132498:G:C	1|0	1|0	MATCH	MATCH
chr6:31134366:G:A	0|1	0|1	MATCH	MATCH
chr6:31134464:G:A	0|1	0|1	MATCH	MATCH
chr6:31135004:A:G	0|1	0|1	MATCH	MATCH
chr6:31136323:G:C	0|1	0|1	MATCH	MATCH
chr6:31136973:A:AC	1|0	1|0	MATCH	MATCH
chr6:31137078:G:C	0|1	0|1	MATCH	MATCH
chr6:31137488:A:G	0|1	0|1	MATCH	MATCH
chr6:31137689:C:G	0|1	0|1	MATCH	MATCH
chr6:31137856:C:T	1|0	1|0	MATCH	MATCH
chr6:31137895:G:A	0|1	0|1	MATCH	MATCH
chr6:31138400:T:C	1|0	1|0	MATCH	MATCH
chr6:31138722:G:A	0|1	0|1	MATCH	MATCH
chr6:31138866:G:A	1|0	1|0	MATCH	MATCH
chr6:31139116:A:G	0|1	0|1	MATCH	MATCH
chr6:31139310:T:C	0|1	0|1	MATCH	MATCH
chr6:31139468:A:G	0|1	0|1	MATCH	MATCH
chr6:31139481:T:C	0|1	0|1	MATCH	MATCH
chr6:31139561:C:G	0|1	0|1	MATCH	MATCH
chr6:31139584:C:A	0|1	0|1	MATCH	MATCH
chr6:31139871:C:T	0|1	0|1	MATCH	MATCH
chr6:31139946:AC:A	0|1	0|1	MATCH	MATCH
chr6:31140352:C:T	0|1	0|1	MATCH	MATCH
chr6:31140529:G:A	0|1	0|1	MATCH	MATCH
chr6:31140708:G:A	0|1	0|1	MATCH	MATCH
chr6:31140785:T:C	0|1	0|1	MATCH	MATCH
chr6:31140913:ACCTG:A	0|1	0|1	MATCH	MATCH
chr6:31141052:C:T	0|1	0|1	MATCH	MATCH
chr6:31141380:G:A	0|1	0|1	MATCH	MATCH
chr6:31141855:GCTTT:G	0|1	0|1	MATCH	MATCH
chr6:31141990:T:C	0|1	0|1	MATCH	MATCH
chr6:31142021:TATC:T	0|1	0|1	MATCH	MATCH
chr6:31143009:T:A	0|1	0|1	MATCH	MATCH
chr6:31143403:T:C	0|1	0|1	MATCH	MATCH
chr6:31143579:C:T	0|1	0|1	MATCH	MATCH
chr6:31143623:T:C	0|1	0|1	MATCH	MATCH
chr6:31143898:C:A	0|1	0|1	MATCH	MATCH
chr6:31144065:AC:A	1|0	1|0	MATCH	MATCH
chr6:31144298:G:A	0|1	0|1	MATCH	MATCH
chr6:31144436:A:C	0|1	0|1	MATCH	MATCH
chr6:31145122:C:T	0|1	0|1	MATCH	MATCH
chr6:31145148:C:T	0|1	0|1	MATCH	MATCH
chr6:31145275:G:A	0|1	0|1	MATCH	MATCH
chr6:31145329:A:G	0|1	0|1	MATCH	MATCH
chr6:31145372:T:A	1|0	1|0	MATCH	MATCH
chr6:31145549:G:A	0|1	0|1	MATCH	MATCH
chr6:31146242:A:G	0|1	0|1	MATCH	MATCH
chr6:31146671:C:T	0|1	0|1	MATCH	MATCH
chr6:31146738:G:A	0|1	0|1	MATCH	MATCH
chr6:31146878:T:C	0|1	0|1	MATCH	MATCH
chr6:31146947:A:C	0|1	0|1	MATCH	MATCH
chr6:31147123:A:G	0|1	0|1	MATCH	MATCH
chr6:31147502:T:TA	1|0	1|0	MATCH	MATCH
chr6:31147530:A:G	0|1	0|1	MATCH	MATCH
chr6:31147827:T:C	0|1	0|1	MATCH	MATCH
chr6:31147878:C:T	0|1	0|1	MATCH	MATCH
chr6:31148097:A:G	0|1	0|1	MATCH	MATCH
chr6:31148188:C:T	1|0	1|0	MATCH	MATCH
chr6:31148443:G:A	0|1	0|1	MATCH	MATCH
chr6:31148749:A:G	0|1	0|1	MATCH	MATCH
chr6:31149238:G:A	0|1	0|1	MATCH	MATCH
chr6:31149276:A:G	0|1	0|1	MATCH	MATCH
chr6:31149626:TAG:T	1|0	1|0	MATCH	MATCH
chr6:31149842:T:C	0|1	0|1	MATCH	MATCH
chr6:31149979:CAAT:C	0|1	0|1	MATCH	MATCH
chr6:31150788:C:G	0|1	0|1	MATCH	MATCH
chr6:31151272:C:T	0|1	0|1	MATCH	MATCH
chr6:31151939:G:T	0|1	0|1	MATCH	MATCH
chr6:31152112:T:C	0|1	0|1	MATCH	MATCH
chr6:31152199:T:A	0|1	0|1	MATCH	MATCH
chr6:31152220:G:T	0|1	0|1	MATCH	MATCH
chr6:31152837:C:T	0|1	0|1	MATCH	MATCH
chr6:31153064:G:C	0|1	0|1	MATCH	MATCH
chr6:31153124:C:T	0|1	0|1	MATCH	MATCH
chr6:31153249:C:T	0|1	0|1	MATCH	MATCH
chr6:31153712:T:C	0|1	0|1	MATCH	MATCH
chr6:31153736:C:T	0|1	0|1	MATCH	MATCH
chr6:31154553:G:A	0|1	0|1	MATCH	MATCH
chr6:31154725:C:T	1|0	1|0	MATCH	MATCH
chr6:31155380:G:A	0|1	0|1	MATCH	MATCH
chr6:31155465:A:G	0|1	0|1	MATCH	MATCH
chr6:31155639:T:C	0|1	0|1	MATCH	MATCH
chr6:31155777:G:A	0|1	0|1	MATCH	MATCH
chr6:31157290:C:CAACT	0|1	0|1	MATCH	MATCH
chr6:31158046:T:G	0|1	0|1	MATCH	MATCH
chr6:31158453:T:C	0|1	0|1	MATCH	MATCH
chr6:31159215:G:A	0|1	0|1	MATCH	MATCH
chr6:31159260:C:T	1|0	1|0	MATCH	MATCH
chr6:31159809:A:T	1|0	1|0	MATCH	MATCH
chr6:31159968:C:A	1|0	1|0	MATCH	MATCH
chr6:31160634:C:T	0|1	0|1	MATCH	MATCH
chr6:31160775:A:C	0|1	0|1	MATCH	MATCH
chr6:31160896:G:A	0|1	0|1	MATCH	MATCH
chr6:31161839:A:G	0|1	0|1	MATCH	MATCH
chr6:31161865:A:C,G	2|1	2|1	MATCH	MATCH
chr6:31162242:A:G	0|1	0|1	MATCH	MATCH
chr6:31162301:T:C	0|1	0|1	MATCH	MATCH
chr6:31162725:T:C	0|1	0|1	MATCH	MATCH
chr6:31163044:C:T	0|1	0|1	MATCH	MATCH
chr6:31163792:C:T	0|1	0|1	MATCH	MATCH
chr6:31163826:G:GT	0|1	0|1	MATCH	MATCH
chr6:31163832:A:T	0|1	0|1	MATCH	MATCH
chr6:31163834:A:C	0|1	0|1	MATCH	MATCH
chr6:31164637:G:A	0|1	0|1	MATCH	MATCH
chr6:31164872:A:C	0|1	0|1	MATCH	MATCH
chr6:31164912:T:TGA	0|1	0|1	MATCH	MATCH
chr6:31165106:C:T	0|1	0|1	MATCH	MATCH
chr6:31165732:G:A	0|1	0|1	MATCH	MATCH
chr6:31165800:A:AAAGCCC	0|1	0|1	MATCH	MATCH
chr6:31165843:T:TAG	0|1	0|1	MATCH	MATCH
chr6:31166166:C:A	0|1	0|1	MATCH	MATCH
chr6:31166822:G:A	0|1	0|1	MATCH	MATCH
chr6:31167111:T:C	0|1	0|1	MATCH	MATCH
chr6:31167359:C:T	0|1	0|1	MATCH	MATCH
chr6:31167430:T:C	0|1	0|1	MATCH	MATCH
chr6:31167929:C:T	0|1	0|1	MATCH	MATCH
chr6:31168320:C:A	0|1	0|1	MATCH	MATCH
chr6:31168463:G:A	0|1	0|1	MATCH	MATCH
chr6:31168676:A:G	0|1	0|1	MATCH	MATCH
chr6:31168800:A:G	0|1	0|1	MATCH	MATCH
chr6:31168889:A:G	0|1	0|1	MATCH	MATCH
chr6:31168937:T:C	0|1	0|1	MATCH	MATCH
chr6:31169055:T:C	0|1	0|1	MATCH	MATCH
chr6:31169855:G:C	0|1	0|1	MATCH	MATCH
chr6:31169968:C:T	0|1	0|1	MATCH	MATCH
chr6:31169982:T:C	0|1	0|1	MATCH	MATCH
chr6:31170027:C:G	0|1	0|1	MATCH	MATCH
chr6:31170060:A:T	0|1	0|1	MATCH	MATCH
chr6:31171020:G:T	0|1	0|1	MATCH	MATCH
chr6:31171140:G:A	0|1	0|1	MATCH	MATCH
chr6:31171263:C:A	0|1	0|1	MATCH	MATCH
chr6:31171727:C:A	1|0	1|0	MATCH	MATCH
chr6:31172296:G:A	1|0	1|0	MATCH	MATCH
chr6:31172311:T:C	1|0	1|0	MATCH	MATCH
chr6:31172392:C:G	1|0	1|0	MATCH	MATCH
chr6:31172443:T:C	1|0	1|0	MATCH	MATCH
chr6:31172741:G:A	0|1	0|1	MATCH	MATCH
chr6:31173031:G:A	0|1	0|1	MATCH	MATCH
chr6:31173887:C:G	1|0	1|0	MATCH	MATCH
chr6:31174468:C:A	0|1	0|1	MATCH	MATCH
chr6:31174520:C:A	1|0	1|0	MATCH	MATCH
chr6:31174817:CCT:C	1|0	1|0	MATCH	MATCH
chr6:31174942:T:C	1|0	1|0	MATCH	MATCH
chr6:31175126:G:A	1|0	1|0	MATCH	MATCH
chr6:31175464:G:A	1|0	1|0	MATCH	MATCH
chr6:31175472:C:A	1|0	1|0	MATCH	MATCH
chr6:31175734:G:A	1|0	1|0	MATCH	MATCH
chr6:31175805:A:C	1|0	1|0	MATCH	MATCH
chr6:31175862:G:A	1|0	1|0	MATCH	MATCH
chr6:31175917:G:A	1|0	1|0	MATCH	MATCH
chr6:31176027:T:G	1|0	1|0	MATCH	MATCH
chr6:31176581:G:A	0|1	0|1	MATCH	MATCH
chr6:31176584:GGC:G	1|0	1|0	MATCH	MATCH
chr6:31176652:A:G	1|0	1|0	MATCH	MATCH
chr6:31176805:T:C	1|0	1|0	MATCH	MATCH
chr6:31176860:G:A	1|0	1|0	MATCH	MATCH
chr6:31177110:A:G	1|0	1|0	MATCH	MATCH
chr6:31177223:T:G	1|0	1|0	MATCH	MATCH
chr6:31177296:T:C	1|0	1|0	MATCH	MATCH
chr6:31177330:A:G	1|0	1|0	MATCH	MATCH
chr6:31177346:A:G	1|0	1|0	MATCH	MATCH
chr6:31177494:A:G	1|0	1|0	MATCH	MATCH
chr6:31177507:G:GCCTA	1|0	1|0	MATCH	MATCH
chr6:31177654:T:C	1|0	1|0	MATCH	MATCH
chr6:31177674:G:A	1|0	1|0	MATCH	MATCH
chr6:31177925:G:A	1|0	1|0	MATCH	MATCH
chr6:31178062:T:C	1|0	1|0	MATCH	MATCH
chr6:31178214:C:T	1|0	1|0	MATCH	MATCH
chr6:31178538:T:TGATC	1|0	1|0	MATCH	MATCH
chr6:31178662:G:C	1|0	1|0	MATCH	MATCH
chr6:31178700:T:C	1|0	1|0	MATCH	MATCH
chr6:31178736:A:G	1|0	1|0	MATCH	MATCH
chr6:31179738:G:A	0|1	0|1	MATCH	MATCH
chr6:31179842:T:C	1|0	1|0	MATCH	MATCH
chr6:31179948:A:G	1|0	1|0	MATCH	MATCH
chr6:31180115:T:C	1|0	1|0	MATCH	MATCH
chr6:31180139:C:T	1|0	1|0	MATCH	MATCH
chr6:31181268:C:T	0|1	0|1	MATCH	MATCH
chr6:31183636:A:C	1|0	1|0	MATCH	MATCH
chr6:31183974:C:T	0|1	0|1	MATCH	MATCH
chr6:31183984:C:T	1|0	1|0	MATCH	MATCH
chr6:31184033:G:A	1|0	1|0	MATCH	MATCH
chr6:31184764:T:C	0|1	0|1	MATCH	MATCH
chr6:31184785:T:C	0|1	0|1	MATCH	MATCH
chr6:31186095:C:T	0|1	0|1	MATCH	MATCH
chr6:31187043:T:C	0|1	0|1	MATCH	MATCH
chr6:31187053:G:T	0|1	0|1	MATCH	MATCH
chr6:31187409:C:T	0|1	0|1	MATCH	MATCH
chr6:31187762:T:G	0|1	0|1	MATCH	MATCH
chr6:31187771:A:G	0|1	0|1	MATCH	MATCH
chr6:31187882:G:A	0|1	0|1	MATCH	MATCH
chr6:31187893:G:A	0|1	0|1	MATCH	MATCH
chr6:31188309:T:C	0|1	0|1	MATCH	MATCH
chr6:31188353:C:T	0|1	0|1	MATCH	MATCH
chr6:31188354:T:G	0|1	0|1	MATCH	MATCH
chr6:31188411:A:G	0|1	0|1	MATCH	MATCH
chr6:31188418:C:T	0|1	0|1	MATCH	MATCH
chr6:31189217:T:G	0|1	0|1	MATCH	MATCH
chr6:31189930:C:T	0|1	0|1	MATCH	MATCH
chr6:31190309:C:A	0|1	0|1	MATCH	MATCH
chr6:31190337:T:A	0|1	0|1	MATCH	MATCH
chr6:31190359:C:G	0|1	0|1	MATCH	MATCH
chr6:31190608:C:T	0|1	0|1	MATCH	MATCH
chr6:31190691:A:G	0|1	0|1	MATCH	MATCH
chr6:31190912:G:T	0|1	0|1	MATCH	MATCH
chr6:31191009:T:C	0|1	0|1	MATCH	MATCH
chr6:31191459:T:C	0|1	0|1	MATCH	MATCH
chr6:31191514:T:C	0|1	0|1	MATCH	MATCH
chr6:31191637:T:C	0|1	0|1	MATCH	MATCH
chr6:31191853:A:G	0|1	0|1	MATCH	MATCH
chr6:31191915:A:G	0|1	0|1	MATCH	MATCH
chr6:31191951:G:A	0|1	0|1	MATCH	MATCH
chr6:31192201:G:A	1|0	1|0	MATCH	MATCH
chr6:31192340:C:T	0|1	0|1	MATCH	MATCH
chr6:31192901:G:A	0|1	0|1	MATCH	MATCH
chr6:31193391:G:C	0|1	0|1	MATCH	MATCH
chr6:31193399:A:C	0|1	0|1	MATCH	MATCH
chr6:31193478:G:T	0|1	0|1	MATCH	MATCH
chr6:31194377:G:A	0|1	0|1	MATCH	MATCH
chr6:31194743:T:C	0|1	0|1	MATCH	MATCH
chr6:31195062:C:T	0|1	0|1	MATCH	MATCH
chr6:31195186:A:G	0|1	0|1	MATCH	MATCH
chr6:31195329:C:G	0|1	0|1	MATCH	MATCH
chr6:31195356:T:C	0|1	0|1	MATCH	MATCH
chr6:31195855:G:A	0|1	0|1	MATCH	MATCH
chr6:31196232:G:T	0|1	0|1	MATCH	MATCH
chr6:31196772:A:G	0|1	0|1	MATCH	MATCH
chr6:31196950:C:T	1|0	1|0	MATCH	MATCH
chr6:31197002:T:C	0|1	0|1	MATCH	MATCH
chr6:31197051:C:A	0|1	0|1	MATCH	MATCH
chr6:31197072:G:A	0|1	0|1	MATCH	MATCH
chr6:31197124:T:G	0|1	0|1	MATCH	MATCH
chr6:31197312:T:C	0|1	0|1	MATCH	MATCH
chr6:31197323:A:C	0|1	0|1	MATCH	MATCH
chr6:31197400:C:T	0|1	0|1	MATCH	MATCH
chr6:31197441:C:T	0|1	0|1	MATCH	MATCH
chr6:31197492:G:A	0|1	0|1	MATCH	MATCH
chr6:31197582:G:C	0|1	0|1	MATCH	MATCH
chr6:31197584:C:G	0|1	0|1	MATCH	MATCH
chr6:31197661:T:G	0|1	0|1	MATCH	MATCH
chr6:31197750:G:A	0|1	0|1	MATCH	MATCH
chr6:31197820:AT:A	0|1	0|1	MATCH	MATCH
chr6:31198059:T:C	0|1	0|1	MATCH	MATCH
chr6:31198066:C:T	1|0	1|0	MATCH	MATCH
chr6:31198601:G:A	0|1	0|1	MATCH	MATCH
chr6:31198762:G:A	0|1	0|1	MATCH	MATCH
chr6:31198821:G:A	0|1	0|1	MATCH	MATCH
chr6:31198848:G:C	0|1	0|1	MATCH	MATCH
chr6:31199393:A:G	0|1	0|1	MATCH	MATCH
chr6:31199735:A:G	0|1	0|1	MATCH	MATCH
chr6:31199983:C:T	0|1	0|1	MATCH	MATCH
chr6:31200038:A:G	0|1	0|1	MATCH	MATCH
chr6:31200610:G:A	0|1	0|1	MATCH	MATCH
chr6:31200620:G:A	1|0	1|0	MATCH	MATCH
chr6:31200717:G:A	0|1	0|1	MATCH	MATCH
chr6:31200794:C:T	0|1	0|1	MATCH	MATCH
chr6:31200847:C:T	0|1	0|1	MATCH	MATCH
chr6:31200899:T:C	0|1	0|1	MATCH	MATCH
chr6:31201079:T:A	0|1	0|0	DIFF	ERROR
chr6:31201480:A:AAG	0|1	0|1	MATCH	MATCH
chr6:31201661:C:T	0|1	0|1	MATCH	MATCH
chr6:31201700:G:A	1|0	1|0	MATCH	MATCH
chr6:31201717:T:C	0|1	0|1	MATCH	MATCH
chr6:31201761:C:G	0|1	0|1	MATCH	MATCH
chr6:31201794:C:A	0|1	0|1	MATCH	MATCH
chr6:31202156:A:G	0|1	0|1	MATCH	MATCH
chr6:31202237:T:C	0|1	0|1	MATCH	MATCH
chr6:31202300:GGCCAAA:G	0|1	0|1	MATCH	MATCH
chr6:31202451:G:C	0|1	0|1	MATCH	MATCH
chr6:31202737:A:G	0|1	0|1	MATCH	MATCH
chr6:31202751:A:G	0|1	0|1	MATCH	MATCH
chr6:31202831:C:T	0|1	0|1	MATCH	MATCH
chr6:31202936:T:C	0|1	0|1	MATCH	MATCH
chr6:31203390:C:G	0|1	0|1	MATCH	MATCH
chr6:31203480:A:C	0|1	0|1	MATCH	MATCH
chr6:31203709:T:C	0|1	0|1	MATCH	MATCH
chr6:31203804:G:A	0|1	0|1	MATCH	MATCH
chr6:31204053:C:T	0|1	0|1	MATCH	MATCH
chr6:31204164:A:ATCTAT	0|1	0|1	MATCH	MATCH
chr6:31204574:C:T	0|1	0|1	MATCH	MATCH
chr6:31204878:G:A	0|1	0|1	MATCH	MATCH
chr6:31205319:A:G	0|1	0|1	MATCH	MATCH
chr6:31205656:G:A	0|1	0|1	MATCH	MATCH
chr6:31205892:T:C	0|1	0|1	MATCH	MATCH
chr6:31206129:G:A	0|1	0|1	MATCH	MATCH
chr6:31206156:T:G	0|1	0|1	MATCH	MATCH
chr6:31206162:T:C	0|1	0|1	MATCH	MATCH
chr6:31206608:A:G	0|1	0|1	MATCH	MATCH
chr6:31206750:A:G	0|1	0|1	MATCH	MATCH
chr6:31207149:T:C	0|1	0|1	MATCH	MATCH
chr6:31207176:A:AT	0|1	0|1	MATCH	MATCH
chr6:31207267:T:C	0|1	0|1	MATCH	MATCH
chr6:31207304:A:G	0|1	0|1	MATCH	MATCH
chr6:31207429:A:G	0|1	0|1	MATCH	MATCH
chr6:31207506:C:T	0|1	0|1	MATCH	MATCH
chr6:31208135:A:G	0|1	0|1	MATCH	MATCH
chr6:31208469:C:T	0|1	0|1	MATCH	MATCH
chr6:31209083:A:G	1|0	1|0	MATCH	MATCH
chr6:31209151:T:C	0|1	0|1	MATCH	MATCH
chr6:31209203:C:A	1|0	1|0	MATCH	MATCH
chr6:31209397:G:GAAT	1|0	1|0	MATCH	MATCH
chr6:31209521:A:G	1|0	1|0	MATCH	MATCH
chr6:31209565:C:T	1|0	1|0	MATCH	MATCH
chr6:31209733:C:T	1|0	1|0	MATCH	MATCH
chr6:31209742:G:A	1|0	1|0	MATCH	MATCH
chr6:31209745:G:A	1|0	1|0	MATCH	MATCH
chr6:31209748:C:T	1|0	1|0	MATCH	MATCH
chr6:31209881:T:C	1|0	1|0	MATCH	MATCH
chr6:31209952:C:T	1|0	1|0	MATCH	MATCH
chr6:31209987:C:T	1|0	1|0	MATCH	MATCH
chr6:31210068:G:A	1|0	1|0	MATCH	MATCH
chr6:31210097:C:T	1|0	1|0	MATCH	MATCH
chr6:31210204:C:T	0|1	0|1	MATCH	MATCH
chr6:31210214:T:A	0|1	0|1	MATCH	MATCH
chr6:31210307:C:G	1|0	1|0	MATCH	MATCH
chr6:31210421:G:C	1|0	1|0	MATCH	MATCH
chr6:31210434:T:A	1|0	1|0	MATCH	MATCH
chr6:31210502:T:C	1|0	1|0	MATCH	MATCH
chr6:31210557:A:G	1|0	1|0	MATCH	MATCH
chr6:31210594:T:G	1|0	1|0	MATCH	MATCH
chr6:31210671:G:A	1|0	1|0	MATCH	MATCH
chr6:31210688:A:C	1|0	1|0	MATCH	MATCH
chr6:31210738:C:T	1|0	1|0	MATCH	MATCH
chr6:31210828:C:T	1|0	1|0	MATCH	MATCH
chr6:31210836:C:A	0|1	0|1	MATCH	MATCH
chr6:31210899:T:C	1|0	1|0	MATCH	MATCH
chr6:31210935:T:G	1|0	1|0	MATCH	MATCH
chr6:31211003:A:T	1|0	1|0	MATCH	MATCH
chr6:31211124:G:A	1|0	1|0	MATCH	MATCH
chr6:31211166:C:T	1|0	1|0	MATCH	MATCH
chr6:31211172:A:T	1|0	1|0	MATCH	MATCH
chr6:31211192:G:A	1|0	1|0	MATCH	MATCH
chr6:31211199:TG:T	1|0	1|0	MATCH	MATCH
chr6:31211237:A:G	1|0	1|0	MATCH	MATCH
chr6:31211340:G:A	1|0	1|0	MATCH	MATCH
chr6:31211363:A:G	1|0	1|0	MATCH	MATCH
chr6:31211449:C:A	1|0	1|0	MATCH	MATCH
chr6:31211509:C:T	1|0	1|0	MATCH	MATCH
chr6:31211514:TC:T	1|0	1|0	MATCH	MATCH
chr6:31211714:C:G	0|1	0|1	MATCH	MATCH
chr6:31211895:G:C	1|0	1|0	MATCH	MATCH
chr6:31211970:C:T	1|0	1|0	MATCH	MATCH
chr6:31212226:A:G	1|0	1|0	MATCH	MATCH
chr6:31212278:G:A	0|1	0|1	MATCH	MATCH
chr6:31212361:G:C	1|0	1|0	MATCH	MATCH
chr6:31212438:T:C	0|1	0|1	MATCH	MATCH
chr6:31212562:G:A	0|1	0|1	MATCH	MATCH
chr6:31212754:G:C	1|0	1|0	MATCH	MATCH
chr6:31212777:GAAC:G	0|1	0|1	MATCH	MATCH
chr6:31212865:T:C	0|1	0|1	MATCH	MATCH
chr6:31212997:G:A	1|0	1|0	MATCH	MATCH
chr6:31213248:C:T	0|1	0|1	MATCH	MATCH
chr6:31213315:T:C	0|1	0|1	MATCH	MATCH
chr6:31213353:G:A	1|0	1|0	MATCH	MATCH
chr6:31213419:G:C	0|1	0|1	MATCH	MATCH
chr6:31213493:C:T	0|1	0|1	MATCH	MATCH
chr6:31214244:T:A	0|1	0|1	MATCH	MATCH
chr6:31214282:G:A	0|1	0|1	MATCH	MATCH
chr6:31214673:C:CT	0|1	0|1	MATCH	MATCH
chr6:31214759:A:G	1|0	1|0	MATCH	MATCH
chr6:31216398:G:A	0|1	0|1	MATCH	MATCH
chr6:31216617:G:GGAC	0|1	0|1	MATCH	MATCH
chr6:31216685:C:T	1|0	1|0	MATCH	MATCH
chr6:31216686:A:G	1|0	1|0	MATCH	MATCH
chr6:31216729:C:T	1|0	1|0	MATCH	MATCH
chr6:31216745:A:G	1|0	1|0	MATCH	MATCH
chr6:31217488:G:A	1|0	1|0	MATCH	MATCH
chr6:31218026:G:A	0|1	0|1	MATCH	MATCH
chr6:31218033:T:G	1|0	1|0	MATCH	MATCH
chr6:31218249:A:T	0|1	0|1	MATCH	MATCH
chr6:31218275:G:A	1|0	1|0	MATCH	MATCH
chr6:31218306:G:C	0|1	0|1	MATCH	MATCH
chr6:31218568:T:TA	0|1	0|1	MATCH	MATCH
chr6:31218757:C:T	0|1	0|1	MATCH	MATCH
chr6:31218824:A:C	0|1	0|1	MATCH	MATCH
chr6:31218870:C:T	0|1	0|1	MATCH	MATCH
chr6:31219060:G:A	0|1	0|1	MATCH	MATCH
chr6:31219092:G:A	0|1	0|1	MATCH	MATCH
chr6:31219637:G:A	0|1	0|1	MATCH	MATCH
chr6:31219752:T:C	0|1	0|1	MATCH	MATCH
chr6:31220490:C:T	0|1	0|1	MATCH	MATCH
chr6:31220877:G:A	1|0	1|0	MATCH	MATCH
chr6:31221605:T:C	0|1	0|1	MATCH	MATCH
chr6:31222208:G:A	0|1	0|1	MATCH	MATCH
chr6:31222761:G:A	0|1	0|1	MATCH	MATCH
chr6:31222881:C:T	1|0	1|0	MATCH	MATCH
chr6:31223499:C:G	0|1	0|1	MATCH	MATCH
chr6:31223510:C:T	0|1	0|1	MATCH	MATCH
chr6:31223732:C:T	1|0	1|0	MATCH	MATCH
chr6:31224438:C:T	0|1	0|1	MATCH	MATCH
chr6:31224732:C:T	0|1	0|1	MATCH	MATCH
chr6:31224810:A:C	0|1	0|1	MATCH	MATCH
chr6:31224989:C:T	0|1	0|1	MATCH	MATCH
chr6:31225070:T:C	1|0	1|0	MATCH	MATCH
chr6:31225175:T:C	0|1	0|1	MATCH	MATCH
chr6:31225186:T:C	0|1	0|1	MATCH	MATCH
chr6:31225221:G:A	1|0	1|0	MATCH	MATCH
chr6:31225378:T:C	0|1	0|1	MATCH	MATCH
chr6:31225387:T:C	0|1	0|1	MATCH	MATCH
chr6:31226987:A:C	1|0	1|0	MATCH	MATCH
chr6:31227441:C:T	1|0	1|0	MATCH	MATCH
chr6:31227699:C:G	0|1	0|1	MATCH	MATCH
chr6:31227708:C:T	0|1	0|1	MATCH	MATCH
chr6:31228026:G:A	1|0	1|0	MATCH	MATCH
chr6:31228027:C:T	1|0	1|0	MATCH	MATCH
chr6:31228164:G:A	1|0	1|0	MATCH	MATCH
chr6:31228573:A:T	0|1	0|1	MATCH	MATCH
chr6:31228599:T:C	1|0	1|0	MATCH	MATCH
chr6:31228701:G:C	0|1	0|1	MATCH	MATCH
chr6:31228814:G:A	0|1	0|1	MATCH	MATCH
chr6:31228981:A:G	0|1	0|1	MATCH	MATCH
chr6:31229366:A:C	1|0	1|0	MATCH	MATCH
chr6:31229630:C:T	1|0	1|0	MATCH	MATCH
chr6:31230266:T:C	0|1	0|1	MATCH	MATCH
chr6:31230589:G:A	0|1	0|1	MATCH	MATCH
chr6:31230932:C:T	1|0	1|0	MATCH	MATCH
chr6:31231009:A:G	0|1	0|1	MATCH	MATCH
chr6:31231119:T:C	1|0	1|0	MATCH	MATCH
chr6:31231160:CAAAG:C	1|0	1|0	MATCH	MATCH
chr6:31231387:C:T	0|1	0|1	MATCH	MATCH
chr6:31231479:C:T	0|1	0|1	MATCH	MATCH
chr6:31231519:G:A	0|1	0|1	MATCH	MATCH
chr6:31231689:G:A	0|1	0|1	MATCH	MATCH
chr6:31231989:G:A	1|0	1|0	MATCH	MATCH
chr6:31232204:C:T	0|1	0|1	MATCH	MATCH
chr6:31232477:G:C	1|0	1|0	MATCH	MATCH
chr6:31232601:T:TTTTTTG	0|1	0|1	MATCH	MATCH
chr6:31232660:A:G	0|1	0|1	MATCH	MATCH
chr6:31232864:T:C	0|1	0|1	MATCH	MATCH
chr6:31233061:G:A	0|1	0|1	MATCH	MATCH
chr6:31233430:G:A	1|0	1|0	MATCH	MATCH
chr6:31233471:C:A	0|1	0|1	MATCH	MATCH
chr6:31233737:T:C	0|1	0|1	MATCH	MATCH
chr6:31233888:C:A	1|0	1|0	MATCH	MATCH
chr6:31233959:T:G	0|1	0|1	MATCH	MATCH
chr6:31234077:T:C	0|1	0|1	MATCH	MATCH
chr6:31234529:T:C	1|0	1|0	MATCH	MATCH
chr6:31234709:C:T	1|0	1|0	MATCH	MATCH
chr6:31234798:C:G	1|0	1|0	MATCH	MATCH
chr6:31235297:T:G	1|0	1|0	MATCH	MATCH
chr6:31235967:T:C	1|0	1|0	MATCH	MATCH
chr6:31235982:A:C	1|0	1|0	MATCH	MATCH
chr6:31235989:C:T	1|0	1|0	MATCH	MATCH
chr6:31235998:C:G	1|0	1|0	MATCH	MATCH
chr6:31236109:A:T	1|0	1|0	MATCH	MATCH
chr6:31236231:G:A	1|0	1|0	MATCH	MATCH
chr6:31236332:T:C	1|0	1|0	MATCH	MATCH
chr6:31236525:C:T	1|0	1|0	MATCH	MATCH
chr6:31236538:T:C	1|0	1|0	MATCH	MATCH
chr6:31236655:C:T	1|0	1|0	MATCH	MATCH
chr6:31237266:A:T	1|0	1|0	MATCH	MATCH
chr6:31237319:T:A	1|0	1|0	MATCH	MATCH
chr6:31237605:G:A	1|0	1|0	MATCH	MATCH
chr6:31237977:T:C	1|0	1|0	MATCH	MATCH
chr6:31238361:G:C	1|0	1|0	MATCH	MATCH
chr6:31238839:A:G	1|0	1|0	MATCH	MATCH
chr6:31238942:G:A	1|0	1|0	MATCH	MATCH
chr6:31238970:C:T	1|0	1|0	MATCH	MATCH
chr6:31239171:C:T	1|0	1|0	MATCH	MATCH
chr6:31239909:A:G	1|0	1|0	MATCH	MATCH
chr6:31239927:G:A	1|0	1|0	MATCH	MATCH
chr6:31240107:A:G	0|1	0|1	MATCH	MATCH
chr6:31240214:T:A	0|1	0|1	MATCH	MATCH
chr6:31240250:C:T	1|0	1|0	MATCH	MATCH
chr6:31240512:CATG:C	1|0	1|0	MATCH	MATCH
chr6:31240563:C:T	1|0	1|0	MATCH	MATCH
chr6:31240814:G:T	1|0	1|0	MATCH	MATCH
chr6:31240833:G:T	1|0	1|0	MATCH	MATCH
chr6:31241268:G:A	1|0	1|0	MATCH	MATCH
chr6:31241468:C:T	1|0	1|0	MATCH	MATCH
chr6:31241511:T:C	1|0	1|0	MATCH	MATCH
chr6:31241524:T:C	1|0	1|0	MATCH	MATCH
chr6:31241612:G:A	1|0	1|0	MATCH	MATCH
chr6:31241733:C:T	1|0	1|0	MATCH	MATCH
chr6:31242062:G:A	1|0	1|0	MATCH	MATCH
chr6:31242083:T:C	1|0	1|0	MATCH	MATCH
chr6:31242170:A:T	1|0	1|0	MATCH	MATCH
chr6:31242439:C:T	1|0	1|0	MATCH	MATCH
chr6:31242685:T:C	1|0	1|0	MATCH	MATCH
chr6:31242755:A:G	1|0	1|0	MATCH	MATCH
chr6:31242800:T:C	1|0	1|0	MATCH	MATCH
chr6:31242824:C:T	1|0	1|0	MATCH	MATCH
chr6:31242914:A:G	1|0	1|0	MATCH	MATCH
chr6:31242954:G:C	1|0	1|0	MATCH	MATCH
chr6:31242997:A:C	1|0	1|0	MATCH	MATCH
chr6:31243019:A:G	1|0	1|0	MATCH	MATCH
chr6:31243191:AT:A	1|0	1|0	MATCH	MATCH
chr6:31243273:A:G	1|0	1|0	MATCH	MATCH
chr6:31243659:T:C	1|0	1|0	MATCH	MATCH
chr6:31243815:C:G	0|1	0|1	MATCH	MATCH
chr6:31245834:C:G	1|0	1|0	MATCH	MATCH
chr6:31245842:G:GC	1|0	1|0	MATCH	MATCH
chr6:31245847:G:C	0|1	0|1	MATCH	MATCH
chr6:31246014:G:A	1|0	1|0	MATCH	MATCH
chr6:31246125:T:C	1|0	1|0	MATCH	MATCH
chr6:31246494:A:G	1|0	1|0	MATCH	MATCH
chr6:31246576:T:G	1|0	1|0	MATCH	MATCH
chr6:31246780:C:T	1|0	1|0	MATCH	MATCH
chr6:31246799:T:C	1|0	1|0	MATCH	MATCH
chr6:31246806:A:G	1|0	1|0	MATCH	MATCH
chr6:31246875:A:G	1|0	1|0	MATCH	MATCH
chr6:31246895:G:GAGAA	1|0	1|0	MATCH	MATCH
chr6:31247096:C:T	1|0	1|0	MATCH	MATCH
chr6:31247229:G:A	1|0	1|0	MATCH	MATCH
chr6:31247554:T:C	1|0	1|0	MATCH	MATCH
chr6:31247779:T:C	1|0	1|0	MATCH	MATCH
chr6:31247858:A:C	1|0	1|0	MATCH	MATCH
chr6:31248138:C:T	1|0	1|0	MATCH	MATCH
chr6:31248275:G:A	1|0	1|0	MATCH	MATCH
chr6:31248523:C:T	1|0	1|0	MATCH	MATCH
chr6:31248531:G:A	1|0	1|0	MATCH	MATCH
chr6:31248537:T:C	1|0	1|0	MATCH	MATCH
chr6:31248552:A:G	1|0	1|0	MATCH	MATCH
chr6:31248672:T:C	1|0	1|0	MATCH	MATCH
chr6:31248730:A:C	1|0	1|0	MATCH	MATCH
chr6:31248781:A:T	1|0	1|0	MATCH	MATCH
chr6:31249054:T:TA	0|1	0|1	MATCH	MATCH
chr6:31249141:T:A	1|0	1|0	MATCH	MATCH
chr6:31249163:C:A	1|0	1|0	MATCH	MATCH
chr6:31249626:T:C	1|0	1|0	MATCH	MATCH
chr6:31249762:C:G	1|0	1|0	MATCH	MATCH
chr6:31249934:T:C	1|0	1|0	MATCH	MATCH
chr6:31249964:T:C	1|0	1|0	MATCH	MATCH
chr6:31250166:C:T	1|0	1|0	MATCH	MATCH
chr6:31250196:C:T	1|0	1|0	MATCH	MATCH
chr6:31250310:A:G	1|0	1|0	MATCH	MATCH
chr6:31250431:A:G	1|0	1|0	MATCH	MATCH
chr6:31250550:T:C	1|0	1|0	MATCH	MATCH
chr6:31250600:GAA:G	1|0	1|0	MATCH	MATCH
chr6:31250675:G:A	1|0	1|0	MATCH	MATCH
chr6:31251058:A:G	0|1	0|1	MATCH	MATCH
chr6:31251207:A:G	1|0	1|0	MATCH	MATCH
chr6:31251356:A:G	1|0	1|0	MATCH	MATCH
chr6:31251403:A:C	1|0	1|0	MATCH	MATCH
chr6:31251565:A:G	1|0	1|0	MATCH	MATCH
chr6:31251580:G:A	1|0	1|0	MATCH	MATCH
chr6:31262008:C:T	1|0	1|0	MATCH	MATCH
chr6:31262068:C:T	1|0	1|0	MATCH	MATCH
chr6:31262079:G:C	1|0	1|0	MATCH	MATCH
chr6:31262087:G:T	1|0	1|0	MATCH	MATCH
chr6:31262144:G:C	1|0	1|0	MATCH	MATCH
chr6:31262153:C:T	1|0	1|0	MATCH	MATCH
chr6:31262165:T:C	1|0	1|0	MATCH	MATCH
chr6:31262189:T:C	1|0	1|0	MATCH	MATCH
chr6:31262226:TG:T	1|0	1|0	MATCH	MATCH
chr6:31262301:A:G	1|0	1|0	MATCH	MATCH
chr6:31262359:T:C	1|0	1|0	MATCH	MATCH
chr6:31262397:T:A	1|0	1|0	MATCH	MATCH
chr6:31262403:C:A	1|0	1|0	MATCH	MATCH
chr6:31262406:C:T	1|0	1|0	MATCH	MATCH
chr6:31262541:A:G	1|0	1|0	MATCH	MATCH
chr6:31262542:C:A	1|0	1|0	MATCH	MATCH
chr6:31262579:G:A	1|0	1|0	MATCH	MATCH
chr6:31262661:T:C	1|0	1|0	MATCH	MATCH
chr6:31262675:C:A	1|0	1|0	MATCH	MATCH
chr6:31262721:G:A	1|0	1|0	MATCH	MATCH
chr6:31262828:C:T	1|0	1|0	MATCH	MATCH
chr6:31262868:C:T	1|0	1|0	MATCH	MATCH
chr6:31262924:G:A	0|1	0|1	MATCH	MATCH
chr6:31262940:T:A	1|0	1|0	MATCH	MATCH
chr6:31262982:A:G	1|0	1|0	MATCH	MATCH
chr6:31263213:G:A	1|0	1|0	MATCH	MATCH
chr6:31263242:A:G	1|0	1|0	MATCH	MATCH
chr6:31263416:A:G	1|0	1|0	MATCH	MATCH
chr6:31263422:C:T	1|0	1|0	MATCH	MATCH
chr6:31263455:G:A	1|0	1|0	MATCH	MATCH
chr6:31263457:G:A	1|0	1|0	MATCH	MATCH
chr6:31263491:A:G	0|1	0|1	MATCH	MATCH
chr6:31263529:T:C	0|1	0|1	MATCH	MATCH
chr6:31263555:G:A	1|0	1|0	MATCH	MATCH
chr6:31263605:T:A	1|0	1|0	MATCH	MATCH
chr6:31263867:C:G,T	1|2	1|2	MATCH	MATCH
chr6:31263911:T:C	1|0	1|0	MATCH	MATCH
chr6:31263941:C:A	1|0	1|0	MATCH	MATCH
chr6:31264032:T:C	1|0	1|0	MATCH	MATCH
chr6:31264170:G:A	1|0	1|0	MATCH	MATCH
chr6:31264188:TC:T	1|0	1|0	MATCH	MATCH
chr6:31264191:G:A	1|0	1|0	MATCH	MATCH
chr6:31264195:A:G	1|0	1|0	MATCH	MATCH
chr6:31264334:A:G	1|0	1|0	MATCH	MATCH
chr6:31264370:C:T	1|0	1|0	MATCH	MATCH
chr6:31264541:T:C	1|0	1|0	MATCH	MATCH
chr6:31264566:A:C	1|0	1|0	MATCH	MATCH
chr6:31264635:T:G	1|0	1|0	MATCH	MATCH
chr6:31264669:T:C	1|0	1|0	MATCH	MATCH
chr6:31264696:AC:A	1|0	1|0	MATCH	MATCH
chr6:31264719:G:T	1|0	1|0	MATCH	MATCH
chr6:31264786:C:G	1|0	1|0	MATCH	MATCH
chr6:31264920:A:G	1|0	1|0	MATCH	MATCH
chr6:31264926:A:G	1|0	1|0	MATCH	MATCH
chr6:31264945:C:T	1|0	1|0	MATCH	MATCH
chr6:31264946:A:G	1|0	1|0	MATCH	MATCH
chr6:31264992:G:A	1|0	1|0	MATCH	MATCH
chr6:31265012:A:T	1|0	1|0	MATCH	MATCH
chr6:31265048:G:A	1|0	1|0	MATCH	MATCH
chr6:31265133:G:C	1|0	1|0	MATCH	MATCH
chr6:31265136:C:T	1|0	1|0	MATCH	MATCH
chr6:31265221:A:T	0|1	0|1	MATCH	MATCH
chr6:31265344:T:C	1|0	1|0	MATCH	MATCH
chr6:31265366:C:T	1|0	1|0	MATCH	MATCH
chr6:31265375:A:G	1|0	1|0	MATCH	MATCH
chr6:31265437:T:C	1|0	1|0	MATCH	MATCH
chr6:31265455:A:G	1|0	1|0	MATCH	MATCH
chr6:31265481:G:C	1|0	1|0	MATCH	MATCH
chr6:31265493:T:G	1|0	1|0	MATCH	MATCH
chr6:31265576:G:A	1|0	1|0	MATCH	MATCH
chr6:31265619:G:A	1|0	1|0	MATCH	MATCH
chr6:31265679:C:T	1|0	1|0	MATCH	MATCH
chr6:31265744:T:C	1|0	1|0	MATCH	MATCH
chr6:31265752:T:C	1|0	1|0	MATCH	MATCH
chr6:31265755:G:A	1|0	1|0	MATCH	MATCH
chr6:31265866:T:C	1|0	1|0	MATCH	MATCH
chr6:31265981:T:A	1|0	1|0	MATCH	MATCH
chr6:31266068:T:G	1|0	1|0	MATCH	MATCH
chr6:31266160:G:A	1|0	1|0	MATCH	MATCH
chr6:31266211:G:T	1|0	1|0	MATCH	MATCH
chr6:31266215:C:T	1|0	1|0	MATCH	MATCH
chr6:31266281:A:G	1|0	1|0	MATCH	MATCH
chr6:31266297:G:A	1|0	1|0	MATCH	MATCH
chr6:31266354:T:A	1|0	1|0	MATCH	MATCH
chr6:31266431:C:G	0|1	0|1	MATCH	MATCH
chr6:31266445:G:A	1|0	1|0	MATCH	MATCH
chr6:31266462:A:T	1|0	1|0	MATCH	MATCH
chr6:31266604:C:T	1|0	1|0	MATCH	MATCH
chr6:31266717:T:C	1|0	1|0	MATCH	MATCH
chr6:31266730:T:C	1|0	1|0	MATCH	MATCH
chr6:31266747:A:G	1|0	1|0	MATCH	MATCH
chr6:31266764:G:A	1|0	1|0	MATCH	MATCH
chr6:31266779:A:T	1|0	1|0	MATCH	MATCH
chr6:31266792:C:T	1|0	1|0	MATCH	MATCH
chr6:31266885:T:C	1|0	1|0	MATCH	MATCH
chr6:31266889:G:A	1|0	1|0	MATCH	MATCH
chr6:31266901:G:A	1|0	1|0	MATCH	MATCH
chr6:31266904:T:C	1|0	1|0	MATCH	MATCH
chr6:31266965:C:G	1|0	1|0	MATCH	MATCH
chr6:31266994:A:G	1|0	1|0	MATCH	MATCH
chr6:31266997:C:G	1|0	1|0	MATCH	MATCH
chr6:31267009:T:C	1|0	1|0	MATCH	MATCH
chr6:31267015:A:G	1|0	1|0	MATCH	MATCH
chr6:31267059:C:G	1|0	1|0	MATCH	MATCH
chr6:31267074:C:G	1|0	1|0	MATCH	MATCH
chr6:31267078:T:C	1|0	1|0	MATCH	MATCH
chr6:31267134:A:G	1|0	1|0	MATCH	MATCH
chr6:31267171:C:A	1|0	1|0	MATCH	MATCH
chr6:31267175:G:C	1|0	1|0	MATCH	MATCH
chr6:31267213:C:T	1|0	1|0	MATCH	MATCH
chr6:31267375:C:T	0|1	0|1	MATCH	MATCH
chr6:31267477:G:A	1|0	1|0	MATCH	MATCH
chr6:31267488:C:T	1|0	1|0	MATCH	MATCH
chr6:31267499:C:T	1|0	1|0	MATCH	MATCH
chr6:31267547:GCC:G	1|0	1|0	MATCH	MATCH
chr6:31267606:T:C	1|0	1|0	MATCH	MATCH
chr6:31267607:G:C	1|0	1|0	MATCH	MATCH
chr6:31267635:T:C	1|0	1|0	MATCH	MATCH
chr6:31267644:C:T	1|0	1|0	MATCH	MATCH
chr6:31267781:A:G	1|0	1|0	MATCH	MATCH
chr6:31267799:G:C	1|0	1|0	MATCH	MATCH
chr6:31267833:C:A	1|0	1|0	MATCH	MATCH
chr6:31267931:C:G	1|0	1|0	MATCH	MATCH
chr6:31268009:C:T	1|0	1|0	MATCH	MATCH
chr6:31268039:A:G	1|0	1|0	MATCH	MATCH
chr6:31268257:T:C	1|0	1|0	MATCH	MATCH
chr6:31268338:C:T	1|0	1|0	MATCH	MATCH
chr6:31268398:C:T	1|0	1|0	MATCH	MATCH
chr6:31268454:G:T	1|0	1|0	MATCH	MATCH
chr6:31268539:G:T	1|0	1|0	MATCH	MATCH
chr6:31268562:T:C	1|0	1|0	MATCH	MATCH
chr6:31268623:G:A	1|0	1|0	MATCH	MATCH
chr6:31268633:C:T	1|0	1|0	MATCH	MATCH
chr6:31268674:G:GC	1|0	1|0	MATCH	MATCH
chr6:31268746:A:G	1|0	1|0	MATCH	MATCH
chr6:31268747:A:G	1|0	1|0	MATCH	MATCH
chr6:31268757:G:A	1|0	1|0	MATCH	MATCH
chr6:31268790:T:C	1|0	1|0	MATCH	MATCH
chr6:31268845:C:A	1|0	1|0	MATCH	MATCH
chr6:31268866:T:C	1|0	1|0	MATCH	MATCH
chr6:31268902:T:C	1|0	1|0	MATCH	MATCH
chr6:31268913:T:G	1|0	1|0	MATCH	MATCH
chr6:31268938:GC:G	1|0	1|0	MATCH	MATCH
chr6:31268945:C:T	1|0	1|0	MATCH	MATCH
chr6:31269031:C:G	1|0	1|0	MATCH	MATCH
chr6:31269059:A:G	1|0	1|0	MATCH	MATCH
chr6:31269077:T:C	0|1	0|1	MATCH	MATCH
chr6:31269225:G:C	1|0	1|0	MATCH	MATCH
chr6:31269237:G:A	1|0	1|0	MATCH	MATCH
chr6:31269240:C:T	1|0	1|0	MATCH	MATCH
chr6:31269250:C:T	1|0	1|0	MATCH	MATCH
chr6:31269271:A:G	1|0	1|0	MATCH	MATCH
chr6:31269284:C:T	1|0	1|0	MATCH	MATCH
chr6:31269347:T:C	1|0	1|0	MATCH	MATCH
chr6:31269385:C:G	1|0	1|0	MATCH	MATCH
chr6:31269453:A:G	1|0	1|0	MATCH	MATCH
chr6:31269456:A:G	1|0	1|0	MATCH	MATCH
chr6:31269478:G:A	1|0	1|0	MATCH	MATCH
chr6:31269546:A:G	1|0	1|0	MATCH	MATCH
chr6:31269556:T:A	1|0	1|0	MATCH	MATCH
chr6:31269565:G:T	1|0	1|0	MATCH	MATCH
chr6:31269576:T:C	1|0	1|0	MATCH	MATCH
chr6:31269628:C:T	1|0	1|0	MATCH	MATCH
chr6:31269660:T:C	1|0	1|0	MATCH	MATCH
chr6:31269672:T:C	1|0	1|0	MATCH	MATCH
chr6:31269686:C:G	1|0	1|0	MATCH	MATCH
chr6:31269749:C:CA	1|0	1|0	MATCH	MATCH
chr6:31269786:C:T	1|0	1|0	MATCH	MATCH
chr6:31269798:TCA:T	1|0	1|0	MATCH	MATCH
chr6:31269815:A:C	1|0	1|0	MATCH	MATCH
chr6:31269883:A:G	1|0	1|0	MATCH	MATCH
chr6:31269887:C:T	1|0	1|0	MATCH	MATCH
chr6:31269926:G:A	1|0	1|0	MATCH	MATCH
chr6:31269946:G:A	1|0	1|0	MATCH	MATCH
chr6:31269950:T:C	1|0	1|0	MATCH	MATCH
chr6:31269990:T:C	1|0	1|0	MATCH	MATCH
chr6:31269992:G:A	1|0	1|0	MATCH	MATCH
chr6:31269994:G:A	1|0	1|0	MATCH	MATCH
chr6:31269996:T:C	1|0	1|0	MATCH	MATCH
chr6:31269997:G:C	1|0	1|0	MATCH	MATCH
chr6:31270025:A:G	1|0	1|0	MATCH	MATCH
chr6:31270081:T:C	1|0	1|0	MATCH	MATCH
chr6:31270099:A:G	1|0	1|0	MATCH	MATCH
chr6:31270154:CAGA:C	1|0	1|0	MATCH	MATCH
chr6:31270173:T:C	1|0	1|0	MATCH	MATCH
chr6:31270178:T:G	1|0	1|0	MATCH	MATCH
chr6:31270183:G:C	1|0	1|0	MATCH	MATCH
chr6:31270185:T:C	1|0	1|0	MATCH	MATCH
chr6:31270186:G:A	1|0	1|0	MATCH	MATCH
chr6:31270188:G:C	1|0	1|0	MATCH	MATCH
chr6:31270194:C:T	1|0	1|0	MATCH	MATCH
chr6:31270198:T:C	1|0	1|0	MATCH	MATCH
chr6:31270214:G:T	1|0	1|0	MATCH	MATCH
chr6:31270232:T:C	1|0	1|0	MATCH	MATCH
chr6:31270252:T:C	1|0	1|0	MATCH	MATCH
chr6:31270276:G:C	1|0	1|0	MATCH	MATCH
chr6:31270349:G:A	1|0	1|0	MATCH	MATCH
chr6:31270358:G:A	1|0	1|0	MATCH	MATCH
chr6:31270361:C:T	1|0	1|0	MATCH	MATCH
chr6:31270378:G:A	1|0	1|0	MATCH	MATCH
chr6:31270457:G:A	1|0	1|0	MATCH	MATCH
chr6:31270520:C:T	1|0	1|0	MATCH	MATCH
chr6:31270531:G:C	1|0	1|0	MATCH	MATCH
chr6:31270541:G:A	1|0	1|0	MATCH	MATCH
chr6:31270595:C:G	1|0	1|0	MATCH	MATCH
chr6:31270713:T:C	1|0	1|0	MATCH	MATCH
chr6:31270715:C:A	1|0	1|0	MATCH	MATCH
chr6:31270747:G:A	1|0	1|0	MATCH	MATCH
chr6:31270758:T:C	1|0	1|0	MATCH	MATCH
chr6:31270836:A:G	1|0	1|0	MATCH	MATCH
chr6:31270855:C:T	1|0	1|0	MATCH	MATCH
chr6:31270884:G:A	1|0	1|0	MATCH	MATCH
chr6:31270885:A:G	1|0	1|0	MATCH	MATCH
chr6:31270951:G:C	1|0	1|0	MATCH	MATCH
chr6:31270982:C:T	1|0	1|0	MATCH	MATCH
chr6:31270985:T:C	1|0	1|0	MATCH	MATCH
chr6:31271037:T:C	1|0	1|0	MATCH	MATCH
chr6:31271074:T:C	1|0	1|0	MATCH	MATCH
chr6:31271098:G:A	1|0	1|0	MATCH	MATCH
chr6:31271103:C:T	1|0	1|0	MATCH	MATCH
chr6:31271180:A:C	1|0	1|0	MATCH	MATCH
chr6:31271233:G:A	1|0	1|0	MATCH	MATCH
chr6:31271313:G:C	1|0	1|0	MATCH	MATCH
chr6:31271339:G:A	1|0	1|0	MATCH	MATCH
chr6:31271428:C:T	1|0	1|0	MATCH	MATCH
chr6:31271450:C:T	1|0	1|0	MATCH	MATCH
chr6:31271493:GATCCA:G	1|0	1|0	MATCH	MATCH
chr6:31271502:T:C	1|0	1|0	MATCH	MATCH
chr6:31271519:G:C	1|0	1|0	MATCH	MATCH
chr6:31271528:C:T	1|0	1|0	MATCH	MATCH
chr6:31271558:G:A	1|0	1|0	MATCH	MATCH
chr6:31271601:T:G	1|0	1|0	MATCH	MATCH
chr6:31271653:C:T	1|0	1|0	MATCH	MATCH
chr6:31271672:C:G	0|1	0|1	MATCH	MATCH
chr6:31271800:A:C	1|0	1|0	MATCH	MATCH
chr6:31271808:C:T	1|0	1|0	MATCH	MATCH
chr6:31271816:T:C	1|0	1|0	MATCH	MATCH
chr6:31271837:G:A	1|0	1|0	MATCH	MATCH
chr6:31271845:C:A	1|0	1|0	MATCH	MATCH
chr6:31271904:A:T	1|0	1|0	MATCH	MATCH
chr6:31271999:A:C	1|0	1|0	MATCH	MATCH
chr6:31272025:C:G	1|0	1|0	MATCH	MATCH
chr6:31272044:G:T	1|0	1|0	MATCH	MATCH
chr6:31272050:C:T	1|0	1|0	MATCH	MATCH
chr6:31272078:C:G	1|0	1|0	MATCH	MATCH
chr6:31272091:G:C	1|0	1|0	MATCH	MATCH
chr6:31272119:T:C	1|0	1|0	MATCH	MATCH
chr6:31272160:C:T	1|0	1|0	MATCH	MATCH
chr6:31272264:C:T	1|0	1|0	MATCH	MATCH
chr6:31272283:A:G	1|0	1|0	MATCH	MATCH
chr6:31272351:C:T	1|0	1|0	MATCH	MATCH
chr6:31272403:A:C	1|0	1|0	MATCH	MATCH
chr6:31272439:A:C	1|0	1|0	MATCH	MATCH
chr6:31272469:TCTC:T	1|0	1|0	MATCH	MATCH
chr6:31272516:C:T	1|0	1|0	MATCH	MATCH
chr6:31272530:TACCTC:T	1|0	1|0	MATCH	MATCH
chr6:31272654:G:T	1|0	1|0	MATCH	MATCH
chr6:31273037:C:T	1|0	1|0	MATCH	MATCH
chr6:31273094:G:C	1|0	1|0	MATCH	MATCH
chr6:31273300:T:C	1|0	1|0	MATCH	MATCH
chr6:31273315:C:G	1|0	1|0	MATCH	MATCH
chr6:31273405:C:T	1|0	1|0	MATCH	MATCH
chr6:31273430:C:T	1|0	1|0	MATCH	MATCH
chr6:31273534:A:G	0|1	0|1	MATCH	MATCH
chr6:31273576:G:T	1|0	1|0	MATCH	MATCH
chr6:31273823:G:A	1|0	1|0	MATCH	MATCH
chr6:31273887:G:A	0|1	0|1	MATCH	MATCH
chr6:31273944:A:G	1|0	1|0	MATCH	MATCH
chr6:31274305:T:C	1|0	1|0	MATCH	MATCH
chr6:31274374:C:T	1|0	1|0	MATCH	MATCH
chr6:31274414:A:G	1|0	1|0	MATCH	MATCH
chr6:31274446:C:G	1|0	1|0	MATCH	MATCH
chr6:31274480:AC:A	0|1	0|1	MATCH	MATCH
chr6:31274862:T:C	1|0	1|0	MATCH	MATCH
chr6:31274872:A:G	0|1	0|1	MATCH	MATCH
chr6:31274985:C:T	0|1	0|1	MATCH	MATCH
chr6:31275250:A:T	1|0	1|0	MATCH	MATCH
chr6:31275570:C:T	1|0	1|0	MATCH	MATCH
chr6:31275582:G:A	1|0	1|0	MATCH	MATCH
chr6:31275763:G:A	0|1	0|1	MATCH	MATCH
chr6:31275838:G:A	1|0	1|0	MATCH	MATCH
chr6:31276051:A:G	1|0	1|0	MATCH	MATCH
chr6:31276053:G:A	1|0	1|0	MATCH	MATCH
chr6:31276069:G:T	0|1	0|1	MATCH	MATCH
chr6:31276082:C:T	0|1	0|1	MATCH	MATCH
chr6:31276107:G:A	0|1	0|1	MATCH	MATCH
chr6:31276118:C:T	1|0	1|0	MATCH	MATCH
chr6:31276194:A:G	1|0	1|0	MATCH	MATCH
chr6:31276202:T:A	1|0	1|0	MATCH	MATCH
chr6:31276244:G:A	1|0	1|0	MATCH	MATCH
chr6:31276269:G:GC	1|0	1|0	MATCH	MATCH
chr6:31277012:A:T	0|1	0|1	MATCH	MATCH
chr6:31277324:G:A	0|1	0|1	MATCH	MATCH
chr6:31278019:C:T	0|1	0|1	MATCH	MATCH
chr6:31278044:A:G	0|1	0|1	MATCH	MATCH
chr6:31278489:C:T	1|0	1|0	MATCH	MATCH
chr6:31278547:A:C	0|1	0|1	MATCH	MATCH
chr6:31279613:G:A	0|1	0|1	MATCH	MATCH
chr6:31279637:C:T	1|0	1|0	MATCH	MATCH
chr6:31279639:T:G	1|0	1|0	MATCH	MATCH
chr6:31279662:C:G	1|0	1|0	MATCH	MATCH
chr6:31279664:C:T	1|0	1|0	MATCH	MATCH
chr6:31279959:T:C	0|1	0|1	MATCH	MATCH
chr6:31279981:T:C	1|0	1|0	MATCH	MATCH
chr6:31280256:A:G	1|0	1|0	MATCH	MATCH
chr6:31280392:C:T	0|1	0|1	MATCH	MATCH
chr6:31280427:G:A	1|0	1|0	MATCH	MATCH
chr6:31280655:A:G	1|0	1|0	MATCH	MATCH
chr6:31280814:A:C	1|0	1|0	MATCH	MATCH
chr6:31281150:CAAG:C	1|0	1|0	MATCH	MATCH
chr6:31281350:G:A	1|0	1|0	MATCH	MATCH
chr6:31281440:G:A	0|1	0|1	MATCH	MATCH
chr6:31281452:T:C	1|0	1|0	MATCH	MATCH
chr6:31281621:T:C	1|0	1|0	MATCH	MATCH
chr6:31281701:A:G	1|0	1|0	MATCH	MATCH
chr6:31281816:G:A	0|1	0|1	MATCH	MATCH
chr6:31281831:G:A	0|1	0|1	MATCH	MATCH
chr6:31282013:C:G	0|1	0|1	MATCH	MATCH
chr6:31282015:G:A	0|1	0|1	MATCH	MATCH
chr6:31282200:C:T	1|0	1|0	MATCH	MATCH
chr6:31282829:A:C	1|0	1|0	MATCH	MATCH
chr6:31283019:T:C	1|0	1|0	MATCH	MATCH
chr6:31283024:A:C	1|0	1|0	MATCH	MATCH
chr6:31283032:T:C	1|0	1|0	MATCH	MATCH
chr6:31283141:C:T	1|0	1|0	MATCH	MATCH
chr6:31283201:G:A	1|0	1|0	MATCH	MATCH
chr6:31283226:G:A	1|0	1|0	MATCH	MATCH
chr6:31283239:TA:T	1|0	1|0	MATCH	MATCH
chr6:31283255:C:A	1|0	1|0	MATCH	MATCH
chr6:31283263:G:A	1|0	1|0	MATCH	MATCH
chr6:31283534:T:C	1|0	1|0	MATCH	MATCH
chr6:31283535:T:C	0|1	0|1	MATCH	MATCH
chr6:31283583:C:T	1|0	1|0	MATCH	MATCH
chr6:31283685:C:T	1|0	1|0	MATCH	MATCH
chr6:31283765:C:T	1|0	1|0	MATCH	MATCH
chr6:31283781:A:T	1|0	1|0	MATCH	MATCH
chr6:31283792:A:G	1|0	1|0	MATCH	MATCH
chr6:31283804:G:T	1|0	1|0	MATCH	MATCH
chr6:31283845:A:G	1|0	1|0	MATCH	MATCH
chr6:31283866:A:G	0|1	0|1	MATCH	MATCH
chr6:31283885:T:C	1|0	1|0	MATCH	MATCH
chr6:31283890:A:G	1|0	1|0	MATCH	MATCH
chr6:31284890:T:C	0|1	0|1	MATCH	MATCH
chr6:31284945:A:G	0|1	0|1	MATCH	MATCH
chr6:31284970:T:C	0|1	0|1	MATCH	MATCH
chr6:31285105:C:T	0|1	0|1	MATCH	MATCH
chr6:31285320:G:A	1|0	1|0	MATCH	MATCH
chr6:31285332:C:T	1|0	1|0	MATCH	MATCH
chr6:31285344:T:C	1|0	1|0	MATCH	MATCH
chr6:31285469:G:C	0|1	0|1	MATCH	MATCH
chr6:31286486:G:A	1|0	1|0	MATCH	MATCH
chr6:31286719:G:T	1|0	1|0	MATCH	MATCH
chr6:31286887:A:G	0|1	0|1	MATCH	MATCH
chr6:31286927:C:T	0|1	0|1	MATCH	MATCH
chr6:31287059:TC:T	0|1	0|1	MATCH	MATCH
chr6:31287159:G:A	1|0	1|0	MATCH	MATCH
chr6:31287286:A:G	0|1	0|1	MATCH	MATCH
chr6:31287304:A:G	1|0	1|0	MATCH	MATCH
chr6:31287424:A:G	0|1	0|1	MATCH	MATCH
chr6:31287509:G:A	1|0	1|0	MATCH	MATCH
chr6:31287567:G:A	0|1	0|1	MATCH	MATCH
chr6:31287745:T:C	1|0	1|0	MATCH	MATCH
chr6:31288236:C:T	0|1	0|1	MATCH	MATCH
chr6:31288853:G:A	0|1	0|1	MATCH	MATCH
chr6:31289139:T:C	0|1	0|1	MATCH	MATCH
chr6:31289327:T:C	1|0	1|0	MATCH	MATCH
chr6:31289470:T:G	1|0	1|0	MATCH	MATCH
chr6:31289845:T:C	1|0	1|0	MATCH	MATCH
chr6:31291060:G:A	1|0	1|0	MATCH	MATCH
chr6:31291091:T:C	0|1	0|1	MATCH	MATCH
chr6:31291191:G:A	1|0	1|0	MATCH	MATCH
chr6:31291387:G:A	1|0	1|0	MATCH	MATCH
chr6:31291610:G:A	1|0	1|0	MATCH	MATCH
chr6:31292125:A:G	0|1	0|1	MATCH	MATCH
chr6:31292175:T:G	0|1	0|1	MATCH	MATCH
chr6:31292441:C:T	1|0	1|0	MATCH	MATCH
chr6:31292485:C:G	1|0	1|0	MATCH	MATCH
chr6:31292568:T:C	0|1	0|1	MATCH	MATCH
chr6:31292587:A:G	0|1	0|1	MATCH	MATCH
chr6:31292931:C:T	0|1	0|1	MATCH	MATCH
chr6:31293307:T:A	1|0	1|0	MATCH	MATCH
chr6:31293693:G:A	0|1	0|1	MATCH	MATCH
chr6:31294392:T:C	1|0	1|0	MATCH	MATCH
chr6:31294661:C:T	1|0	1|0	MATCH	MATCH
chr6:31294684:T:C	0|1	0|1	MATCH	MATCH
chr6:31295092:G:A	0|1	0|1	MATCH	MATCH
chr6:31295454:T:G	0|1	0|1	MATCH	MATCH
chr6:31295479:A:G	0|1	0|1	MATCH	MATCH
chr6:31295880:G:T	1|0	1|0	MATCH	MATCH
chr6:31296132:C:A	1|0	1|0	MATCH	MATCH
chr6:31296615:G:A	0|1	0|1	MATCH	MATCH
chr6:31296938:T:A	0|1	0|1	MATCH	MATCH
chr6:31297293:A:T	0|1	0|1	MATCH	MATCH
chr6:31297537:T:C	0|1	0|1	MATCH	MATCH
chr6:31297598:G:A	0|1	0|1	MATCH	MATCH
chr6:31297762:G:A	1|0	1|0	MATCH	MATCH
chr6:31297960:A:G	1|0	1|0	MATCH	MATCH
chr6:31298078:T:C	0|1	0|1	MATCH	MATCH
chr6:31298107:ACAAT:A	0|1	0|1	MATCH	MATCH
chr6:31298163:C:T	1|0	1|0	MATCH	MATCH
chr6:31298212:G:A	1|0	1|0	MATCH	MATCH
chr6:31298238:A:G	1|0	1|0	MATCH	MATCH
chr6:31298256:G:A	1|0	1|0	MATCH	MATCH
chr6:31298264:T:C	1|0	1|0	MATCH	MATCH
chr6:31298374:G:T	0|1	0|1	MATCH	MATCH
chr6:31298430:C:T	1|0	1|0	MATCH	MATCH
chr6:31298431:A:G	1|0	1|0	MATCH	MATCH
chr6:31298584:A:G	1|0	1|0	MATCH	MATCH
chr6:31298610:A:G	1|0	1|0	MATCH	MATCH
chr6:31298681:T:C	1|0	1|0	MATCH	MATCH
chr6:31298718:A:G	1|0	1|0	MATCH	MATCH
chr6:31298784:A:C	1|0	1|0	MATCH	MATCH
chr6:31298943:G:A	1|0	1|0	MATCH	MATCH
chr6:31298953:A:C	1|0	1|0	MATCH	MATCH
chr6:31298990:G:A	1|0	1|0	MATCH	MATCH
chr6:31299000:G:A	1|0	1|0	MATCH	MATCH
chr6:31299001:C:T	1|0	1|0	MATCH	MATCH
chr6:31299059:A:C	1|0	1|0	MATCH	MATCH
chr6:31299070:A:C	1|0	1|0	MATCH	MATCH
chr6:31299071:ATGGAC:A	1|0	1|0	MATCH	MATCH
chr6:31299141:G:A	0|1	0|1	MATCH	MATCH
chr6:31299150:G:C	1|0	1|0	MATCH	MATCH
chr6:31299151:G:A	1|0	1|0	MATCH	MATCH
chr6:31299155:T:C	1|0	1|0	MATCH	MATCH
chr6:31299156:A:G	0|1	0|1	MATCH	MATCH
chr6:31299230:A:G	1|0	1|0	MATCH	MATCH
chr6:31299247:G:C	1|0	1|0	MATCH	MATCH
chr6:31299254:T:A	1|0	1|0	MATCH	MATCH
chr6:31299283:C:T	0|1	0|1	MATCH	MATCH
chr6:31299304:T:C	1|0	1|0	MATCH	MATCH
chr6:31299390:A:G	1|0	1|0	MATCH	MATCH
chr6:31299395:T:C	1|0	1|0	MATCH	MATCH
chr6:31299415:C:T	0|1	0|1	MATCH	MATCH
chr6:31299430:C:G	1|0	1|0	MATCH	MATCH
chr6:31299435:G:T	1|0	1|0	MATCH	MATCH
chr6:31299476:A:G	1|0	1|0	MATCH	MATCH
chr6:31299496:A:G	1|0	1|0	MATCH	MATCH
chr6:31299548:C:T	1|0	1|0	MATCH	MATCH
chr6:31299614:G:C	1|0	1|0	MATCH	MATCH
chr6:31299615:G:A	1|0	1|0	MATCH	MATCH
chr6:31299621:G:A	1|0	1|0	MATCH	MATCH
chr6:31299719:A:G	0|1	0|1	MATCH	MATCH
chr6:31299738:G:A	1|0	1|0	MATCH	MATCH
chr6:31299739:T:C	1|0	1|0	MATCH	MATCH
chr6:31299781:TG:T	1|0	1|0	MATCH	MATCH
chr6:31299841:A:G	0|1	0|1	MATCH	MATCH
chr6:31299869:G:A	0|1	0|1	MATCH	MATCH
chr6:31299937:A:G	1|0	1|0	MATCH	MATCH
chr6:31299942:A:G	1|0	1|0	MATCH	MATCH
chr6:31299970:T:C	1|0	1|0	MATCH	MATCH
chr6:31299988:C:CA	1|0	1|0	MATCH	MATCH
chr6:31300035:A:G	1|0	1|0	MATCH	MATCH
chr6:31300092:T:A	1|0	1|0	MATCH	MATCH
chr6:31300157:A:G	1|0	1|0	MATCH	MATCH
chr6:31300159:C:T	1|0	1|0	MATCH	MATCH
chr6:31300227:C:T	1|0	1|0	MATCH	MATCH
chr6:31300231:C:T	1|0	1|0	MATCH	MATCH
chr6:31300239:T:C	1|0	1|0	MATCH	MATCH
chr6:31300243:T:C	1|0	1|0	MATCH	MATCH
chr6:31300266:A:C	1|0	1|0	MATCH	MATCH
chr6:31300267:G:A	1|0	1|0	MATCH	MATCH
chr6:31300273:G:A	1|0	1|0	MATCH	MATCH
chr6:31300304:T:C	1|0	1|0	MATCH	MATCH
chr6:31300365:C:T	1|0	1|0	MATCH	MATCH
chr6:31300411:C:T	1|0	1|0	MATCH	MATCH
chr6:31300494:C:T	1|0	1|0	MATCH	MATCH
chr6:31300518:T:C	1|0	1|0	MATCH	MATCH
chr6:31300536:A:G	1|0	1|0	MATCH	MATCH
chr6:31300547:A:G	1|0	1|0	MATCH	MATCH
chr6:31300550:C:A	1|0	1|0	MATCH	MATCH
chr6:31300555:A:C	1|0	1|0	MATCH	MATCH
chr6:31300579:A:G	1|0	1|0	MATCH	MATCH
chr6:31300590:A:C	1|0	1|0	MATCH	MATCH
chr6:31300591:A:C	1|0	1|0	MATCH	MATCH
chr6:31300753:C:T	1|0	1|0	MATCH	MATCH
chr6:31300803:T:C	0|1	0|1	MATCH	MATCH
chr6:31300804:T:C	1|0	1|0	MATCH	MATCH
chr6:31300805:G:A	1|0	1|0	MATCH	MATCH
chr6:31300855:C:T	1|0	1|0	MATCH	MATCH
chr6:31300865:G:A	1|0	1|0	MATCH	MATCH
chr6:31300870:A:G	1|0	1|0	MATCH	MATCH
chr6:31300884:G:A	1|0	1|0	MATCH	MATCH
chr6:31300889:C:A	1|0	1|0	MATCH	MATCH
chr6:31300911:A:T	1|0	1|0	MATCH	MATCH
chr6:31300956:T:C	1|0	1|0	MATCH	MATCH
chr6:31300990:A:C	1|0	1|0	MATCH	MATCH
chr6:31301040:A:C	1|0	1|0	MATCH	MATCH
chr6:31301121:G:GT	1|0	1|0	MATCH	MATCH
chr6:31301171:C:G	1|0	1|0	MATCH	MATCH
chr6:31301173:CT:C	0|1	0|1	MATCH	MATCH
chr6:31301188:C:T	0|1	0|1	MATCH	MATCH
chr6:31301205:C:T	1|0	1|0	MATCH	MATCH
chr6:31301210:C:T	1|0	1|0	MATCH	MATCH
chr6:31301216:A:G	1|0	1|0	MATCH	MATCH
chr6:31301245:T:C	1|0	1|0	MATCH	MATCH
chr6:31301255:G:A	1|0	1|0	MATCH	MATCH
chr6:31301289:C:T	1|0	1|0	MATCH	MATCH
chr6:31301336:C:G	1|0	1|0	MATCH	MATCH
chr6:31301438:A:C	1|0	1|0	MATCH	MATCH
chr6:31301446:A:T	1|0	1|0	MATCH	MATCH
chr6:31301483:C:G	1|0	1|0	MATCH	MATCH
chr6:31301485:C:A	1|0	1|0	MATCH	MATCH
chr6:31301531:C:T	0|1	0|1	MATCH	MATCH
chr6:31301553:C:G	1|0	1|0	MATCH	MATCH
chr6:31301571:A:G	0|1	0|1	MATCH	MATCH
chr6:31301659:T:A	1|0	1|0	MATCH	MATCH
chr6:31301663:C:T	1|0	1|0	MATCH	MATCH
chr6:31301666:T:C	1|0	1|0	MATCH	MATCH
chr6:31301668:G:C	1|0	1|0	MATCH	MATCH
chr6:31301681:C:T	1|0	1|0	MATCH	MATCH
chr6:31301684:A:G	1|0	1|0	MATCH	MATCH
chr6:31301704:T:C	0|1	0|1	MATCH	MATCH
chr6:31301706:GAGTA:G	1|0	1|0	MATCH	MATCH
chr6:31301776:C:T	1|0	1|0	MATCH	MATCH
chr6:31301916:T:C	0|1	0|1	MATCH	MATCH
chr6:31301917:T:A	0|1	0|1	MATCH	MATCH
chr6:31301920:G:A	0|1	0|1	MATCH	MATCH
chr6:31301924:C:T	0|1	0|1	MATCH	MATCH
chr6:31302107:T:G	1|0	1|0	MATCH	MATCH
chr6:31302149:A:C	0|1	0|1	MATCH	MATCH
chr6:31302261:A:G	0|1	0|1	MATCH	MATCH
chr6:31302270:A:G	0|1	0|1	MATCH	MATCH
chr6:31302307:A:G	0|1	0|1	MATCH	MATCH
chr6:31302341:C:A	1|0	1|0	MATCH	MATCH
chr6:31302407:T:C	1|0	1|0	MATCH	MATCH
chr6:31302518:C:T	1|0	1|0	MATCH	MATCH
chr6:31302598:T:C	0|1	0|1	MATCH	MATCH
chr6:31302732:G:A	0|1	0|1	MATCH	MATCH
chr6:31302753:A:G	0|1	0|1	MATCH	MATCH
chr6:31302862:T:G	0|1	0|1	MATCH	MATCH
chr6:31303287:G:C	1|0	1|0	MATCH	MATCH
chr6:31303358:T:A	0|1	0|1	MATCH	MATCH
chr6:31303360:G:C	0|1	0|1	MATCH	MATCH
chr6:31303364:G:A	0|1	0|1	MATCH	MATCH
chr6:31303380:A:G	0|1	0|1	MATCH	MATCH
chr6:31303439:G:T	0|1	0|1	MATCH	MATCH
chr6:31303508:G:A	1|0	1|0	MATCH	MATCH
chr6:31303543:G:A	1|0	1|0	MATCH	MATCH
chr6:31303903:G:C	1|0	1|0	MATCH	MATCH
chr6:31303939:A:G	1|0	1|0	MATCH	MATCH
chr6:31303980:T:C	0|1	0|1	MATCH	MATCH
chr6:31303981:G:A	0|1	0|1	MATCH	MATCH
chr6:31304287:TG:T	0|1	0|1	MATCH	MATCH
chr6:31304380:G:A	0|1	0|1	MATCH	MATCH
chr6:31304474:T:C	1|0	1|0	MATCH	MATCH
chr6:31304544:G:A	0|1	0|1	MATCH	MATCH
chr6:31304615:G:A	0|1	0|1	MATCH	MATCH
chr6:31304686:T:C	0|1	0|1	MATCH	MATCH
chr6:31304776:G:A	0|1	0|1	MATCH	MATCH
chr6:31304777:A:G	0|1	0|1	MATCH	MATCH
chr6:31304835:G:A	1|0	1|0	MATCH	MATCH
chr6:31304952:C:T	0|1	0|1	MATCH	MATCH
chr6:31304997:G:A	0|1	0|1	MATCH	MATCH
chr6:31305041:T:G	0|1	0|1	MATCH	MATCH
chr6:31305043:G:T	0|1	0|1	MATCH	MATCH
chr6:31305067:G:C	0|1	0|1	MATCH	MATCH
chr6:31305253:C:T	0|1	0|1	MATCH	MATCH
chr6:31305379:A:G	0|1	0|1	MATCH	MATCH
chr6:31305547:C:T	0|1	0|1	MATCH	MATCH
chr6:31305556:A:G	0|1	0|1	MATCH	MATCH
chr6:31305589:C:A	0|1	0|1	MATCH	MATCH
chr6:31305718:G:A	0|1	0|1	MATCH	MATCH
chr6:31305777:C:A	0|1	0|1	MATCH	MATCH
chr6:31305801:C:T	0|1	0|1	MATCH	MATCH
chr6:31305832:A:AG	0|1	0|1	MATCH	MATCH
chr6:31305878:CAGT:C	0|1	0|1	MATCH	MATCH
chr6:31305914:C:T	0|1	0|1	MATCH	MATCH
chr6:31305915:A:G	0|1	0|1	MATCH	MATCH
chr6:31305968:T:C	1|0	1|0	MATCH	MATCH
chr6:31306033:CT:C	0|1	0|1	MATCH	MATCH
chr6:31306215:G:A	0|1	0|1	MATCH	MATCH
chr6:31306223:C:T	1|0	1|0	MATCH	MATCH
chr6:31306259:A:G	0|1	0|1	MATCH	MATCH
chr6:31306672:C:A	1|0	1|0	MATCH	MATCH
chr6:31306736:A:G	0|1	0|1	MATCH	MATCH
chr6:31306842:A:G	0|1	0|1	MATCH	MATCH
chr6:31306857:T:C	0|1	0|1	MATCH	MATCH
chr6:31306889:C:T	0|1	0|1	MATCH	MATCH
chr6:31306916:G:A	0|1	0|1	MATCH	MATCH
chr6:31306974:C:A	0|1	0|1	MATCH	MATCH
chr6:31306975:A:G	0|1	0|1	MATCH	MATCH
chr6:31331905:G:A	1|0	1|0	MATCH	MATCH
chr6:31331908:T:C	1|0	1|0	MATCH	MATCH
chr6:31331917:A:G	1|0	1|0	MATCH	MATCH
chr6:31331971:G:A	0|1	0|1	MATCH	MATCH
chr6:31331983:T:C	1|0	1|0	MATCH	MATCH
chr6:31331993:G:A	1|0	1|0	MATCH	MATCH
chr6:31332007:C:A	1|0	1|0	MATCH	MATCH
chr6:31332017:A:G	1|0	1|0	MATCH	MATCH
chr6:31332059:T:C	1|0	1|0	MATCH	MATCH
chr6:31332082:T:C	1|0	1|0	MATCH	MATCH
chr6:31332133:T:C	1|0	1|0	MATCH	MATCH
chr6:31332143:T:C	1|0	1|0	MATCH	MATCH
chr6:31332149:A:G	1|0	1|0	MATCH	MATCH
chr6:31332159:T:C	1|0	1|0	MATCH	MATCH
chr6:31332163:T:A	0|1	0|1	MATCH	MATCH
chr6:31332164:T:G	1|0	1|0	MATCH	MATCH
chr6:31332181:A:G	1|0	1|0	MATCH	MATCH
chr6:31332193:C:G	1|0	1|0	MATCH	MATCH
chr6:31332198:C:T	1|0	1|0	MATCH	MATCH
chr6:31332235:C:T	1|0	1|0	MATCH	MATCH
chr6:31332291:G:C	1|0	1|0	MATCH	MATCH
chr6:31332326:AAG:A	1|0	1|0	MATCH	MATCH
chr6:31332337:A:G	1|0	1|0	MATCH	MATCH
chr6:31332347:T:C	1|0	1|0	MATCH	MATCH
chr6:31332376:C:T	1|0	1|0	MATCH	MATCH
chr6:31332386:C:T	1|0	1|0	MATCH	MATCH
chr6:31332404:T:C	1|0	1|0	MATCH	MATCH
chr6:31332420:G:A	1|0	1|0	MATCH	MATCH
chr6:31332472:A:G	1|0	1|0	MATCH	MATCH
chr6:31332509:A:G	1|0	1|0	MATCH	MATCH
chr6:31332525:G:A	1|0	1|0	MATCH	MATCH
chr6:31332538:C:G	1|0	1|0	MATCH	MATCH
chr6:31332549:G:A	1|0	1|0	MATCH	MATCH
chr6:31332637:C:T	1|0	1|0	MATCH	MATCH
chr6:31332676:A:G	1|0	1|0	MATCH	MATCH
chr6:31332693:C:T	1|0	1|0	MATCH	MATCH
chr6:31332744:C:G	1|0	1|0	MATCH	MATCH
chr6:31332811:C:G	1|0	1|0	MATCH	MATCH
chr6:31332863:A:G	1|0	1|0	MATCH	MATCH
chr6:31332872:C:T	1|0	1|0	MATCH	MATCH
chr6:31332900:A:G	1|0	1|0	MATCH	MATCH
chr6:31332915:T:C	1|0	1|0	MATCH	MATCH
chr6:31332934:C:A	1|0	1|0	MATCH	MATCH
chr6:31332954:A:G	1|0	1|0	MATCH	MATCH
chr6:31332956:A:T	1|0	1|0	MATCH	MATCH
chr6:31333052:A:G	1|0	1|0	MATCH	MATCH
chr6:31333079:G:A	0|1	0|1	MATCH	MATCH
chr6:31333139:G:A	1|0	1|0	MATCH	MATCH
chr6:31333153:C:T	1|0	1|0	MATCH	MATCH
chr6:31333154:G:A	0|1	0|1	MATCH	MATCH
chr6:31333183:G:T	1|0	1|0	MATCH	MATCH
chr6:31333191:C:T	1|0	1|0	MATCH	MATCH
chr6:31333230:G:C	1|0	1|0	MATCH	MATCH
chr6:31333237:G:A	1|0	1|0	MATCH	MATCH
chr6:31333264:T:G	1|0	1|0	MATCH	MATCH
chr6:31333321:G:A	1|0	1|0	MATCH	MATCH
chr6:31333341:A:G	1|0	1|0	MATCH	MATCH
chr6:31333370:C:CT	1|0	0|0	DIFF	ERROR
chr6:31333479:TA:T	1|0	1|0	MATCH	MATCH
chr6:31333517:G:GT	1|0	1|0	MATCH	MATCH
chr6:31333527:A:G	1|0	1|0	MATCH	MATCH
chr6:31333559:A:C	1|0	1|0	MATCH	MATCH
chr6:31333562:C:T	1|0	1|0	MATCH	MATCH
chr6:31333569:G:A	1|0	1|0	MATCH	MATCH
chr6:31333594:T:C	1|0	1|0	MATCH	MATCH
chr6:31333623:G:T	1|0	1|0	MATCH	MATCH
chr6:31333625:G:T	1|0	1|0	MATCH	MATCH
chr6:31333626:GT:G	1|0	1|0	MATCH	MATCH
chr6:31333667:T:C	1|0	1|0	MATCH	MATCH
chr6:31333689:G:C	1|0	1|0	MATCH	MATCH
chr6:31333721:T:C	1|0	1|0	MATCH	MATCH
chr6:31333740:A:T	0|1	0|1	MATCH	MATCH
chr6:31333743:T:C	1|0	1|0	MATCH	MATCH
chr6:31333744:G:A	1|0	1|0	MATCH	MATCH
chr6:31333760:T:C	1|0	1|0	MATCH	MATCH
chr6:31333838:C:T	1|0	1|0	MATCH	MATCH
chr6:31333881:T:C	0|1	0|1	MATCH	MATCH
chr6:31334033:C:A,G	1|2	1|2	MATCH	MATCH
chr6:31334065:T:A	1|0	1|0	MATCH	MATCH
chr6:31334071:G:T	1|0	1|0	MATCH	MATCH
chr6:31334085:T:C	1|0	1|0	MATCH	MATCH
chr6:31334099:A:T	1|0	1|0	MATCH	MATCH
chr6:31334101:A:G	1|0	1|0	MATCH	MATCH
chr6:31334106:G:A	1|0	1|0	MATCH	MATCH
chr6:31334117:C:T	1|0	1|0	MATCH	MATCH
chr6:31334128:G:A	1|0	1|0	MATCH	MATCH
chr6:31334167:A:C	1|0	1|0	MATCH	MATCH
chr6:31334185:T:C	1|0	1|0	MATCH	MATCH
chr6:31334189:G:A	1|0	1|0	MATCH	MATCH
chr6:31334252:A:G	1|0	1|0	MATCH	MATCH
chr6:31334309:A:T	1|0	1|0	MATCH	MATCH
chr6:31334313:C:G	1|0	1|0	MATCH	MATCH
chr6:31334320:C:G	1|0	1|0	MATCH	MATCH
chr6:31334351:C:T	1|0	1|0	MATCH	MATCH
chr6:31334364:G:A	1|0	1|0	MATCH	MATCH
chr6:31334413:A:C	0|1	0|1	MATCH	MATCH
chr6:31334434:A:G	1|0	1|0	MATCH	MATCH
chr6:31334488:A:G	1|0	1|0	MATCH	MATCH
chr6:31334507:G:C	1|0	1|0	MATCH	MATCH
chr6:31334650:AG:A	0|1	0|1	MATCH	MATCH
chr6:31334693:G:A	1|0	1|0	MATCH	MATCH
chr6:31334704:T:C	1|0	1|0	MATCH	MATCH
chr6:31334732:G:A	1|0	1|0	MATCH	MATCH
chr6:31334733:C:G	1|0	1|0	MATCH	MATCH
chr6:31334786:T:C	1|0	1|0	MATCH	MATCH
chr6:31334953:G:A	0|1	0|1	MATCH	MATCH
chr6:31335064:C:T	0|1	0|1	MATCH	MATCH
chr6:31335150:A:G	0|1	0|1	MATCH	MATCH
chr6:31335195:T:G	0|1	0|1	MATCH	MATCH
chr6:31335385:T:A	0|1	0|1	MATCH	MATCH
chr6:31335498:A:G	0|1	0|1	MATCH	MATCH
chr6:31335539:T:C	0|1	0|1	MATCH	MATCH
chr6:31335660:G:A	0|1	0|1	MATCH	MATCH
chr6:31336288:T:C	0|1	0|1	MATCH	MATCH
chr6:31336289:TTAG:T	0|1	0|1	MATCH	MATCH
chr6:31336548:C:T	0|1	0|1	MATCH	MATCH
chr6:31336618:G:A	0|1	0|1	MATCH	MATCH
chr6:31337553:C:A	0|1	0|1	MATCH	MATCH
chr6:31337984:A:G	0|1	0|1	MATCH	MATCH
chr6:31338237:A:G	1|0	1|0	MATCH	MATCH
chr6:31338643:G:A	1|0	1|0	MATCH	MATCH
chr6:31344135:G:T	1|0	1|0	MATCH	MATCH
chr6:31344159:A:G	0|1	0|1	MATCH	MATCH
chr6:31344161:A:G	0|1	0|1	MATCH	MATCH
chr6:31344173:T:C	1|0	1|0	MATCH	MATCH
chr6:31344195:T:C	0|1	0|1	MATCH	MATCH
chr6:31344243:G:A	1|0	1|0	MATCH	MATCH
chr6:31344282:G:C	1|0	1|0	MATCH	MATCH
chr6:31344460:G:A	0|1	0|1	MATCH	MATCH
chr6:31344482:G:A	1|0	1|0	MATCH	MATCH
chr6:31344516:T:C	0|1	0|1	MATCH	MATCH
chr6:31344549:T:G	1|0	1|0	MATCH	MATCH
chr6:31344660:T:C	0|1	0|1	MATCH	MATCH
chr6:31344681:C:CA	0|1	0|1	MATCH	MATCH
chr6:31344715:A:G	1|0	1|0	MATCH	MATCH
chr6:31344761:G:A	1|0	1|0	MATCH	MATCH
chr6:31344793:T:C	0|1	0|1	MATCH	MATCH
chr6:31344794:G:A	0|1	0|1	MATCH	MATCH
chr6:31344830:G:C	1|0	1|0	MATCH	MATCH
chr6:31344879:C:T	1|0	1|0	MATCH	MATCH
chr6:31344952:G:A	1|0	1|0	MATCH	MATCH
chr6:31344962:A:G	0|1	0|1	MATCH	MATCH
chr6:31345045:G:A	0|1	0|1	MATCH	MATCH
chr6:31345057:T:C	0|1	0|1	MATCH	MATCH
chr6:31345164:C:T	1|0	1|0	MATCH	MATCH
chr6:31345183:A:G	0|1	0|1	MATCH	MATCH
chr6:31345252:G:T	1|0	1|0	MATCH	MATCH
chr6:31345253:C:T	1|0	1|0	MATCH	MATCH
chr6:31345435:T:C	1|0	1|0	MATCH	MATCH
chr6:31345443:G:C	1|0	1|0	MATCH	MATCH
chr6:31345444:A:C	1|0	1|0	MATCH	MATCH
chr6:31345590:T:C	1|0	1|0	MATCH	MATCH
chr6:31345689:T:C	0|1	0|1	MATCH	MATCH
chr6:31345860:T:C	0|1	0|1	MATCH	MATCH
chr6:31345900:C:T	1|0	1|0	MATCH	MATCH
chr6:31345945:C:T	1|0	1|0	MATCH	MATCH
chr6:31345956:T:C	0|1	0|1	MATCH	MATCH
chr6:31346139:A:G	1|0	1|0	MATCH	MATCH
chr6:31346149:G:T	0|1	0|1	MATCH	MATCH
chr6:31346213:T:G	0|1	0|1	MATCH	MATCH
chr6:31346235:C:T	0|1	0|1	MATCH	MATCH
chr6:31346289:A:T	0|1	0|1	MATCH	MATCH
chr6:31346497:A:G	1|0	1|0	MATCH	MATCH
chr6:31346595:T:C	0|1	0|1	MATCH	MATCH
chr6:31347004:A:G	1|0	1|0	MATCH	MATCH
chr6:31347089:C:T	0|1	0|1	MATCH	MATCH
chr6:31347161:C:T	1|0	1|0	MATCH	MATCH
chr6:31347192:G:A	0|1	0|1	MATCH	MATCH
chr6:31347226:C:T	0|1	0|1	MATCH	MATCH
chr6:31347228:C:T	1|0	1|0	MATCH	MATCH
chr6:31347238:T:C	0|1	0|1	MATCH	MATCH
chr6:31347250:A:G	1|0	1|0	MATCH	MATCH
chr6:31347253:G:A	0|1	0|1	MATCH	MATCH
chr6:31347256:G:A	0|1	0|1	MATCH	MATCH
chr6:31347269:A:G	0|1	0|1	MATCH	MATCH
chr6:31347272:A:T	0|1	0|1	MATCH	MATCH
chr6:31347278:A:C	0|1	0|1	MATCH	MATCH
chr6:31347281:C:G	1|0	1|0	MATCH	MATCH
chr6:31347361:G:A	1|0	1|0	MATCH	MATCH
chr6:31347443:A:C	0|1	0|1	MATCH	MATCH
chr6:31347452:C:T	1|0	1|0	MATCH	MATCH
chr6:31347485:A:G	0|1	0|1	MATCH	MATCH
chr6:31347513:G:A	1|0	1|0	MATCH	MATCH
chr6:31347562:C:T	1|0	1|0	MATCH	MATCH
chr6:31347612:G:A	1|0	1|0	MATCH	MATCH
chr6:31347614:CTG:C	0|1	0|1	MATCH	MATCH
chr6:31347630:C:CT	0|1	0|1	MATCH	MATCH
chr6:31347735:G:A	0|1	0|1	MATCH	MATCH
chr6:31347841:A:G	1|0	1|0	MATCH	MATCH
chr6:31347852:T:C	1|0	1|0	MATCH	MATCH
chr6:31347871:A:G	1|0	1|0	MATCH	MATCH
chr6:31347872:G:T	1|0	1|0	MATCH	MATCH
chr6:31347886:A:T	1|0	1|0	MATCH	MATCH
chr6:31347929:G:A	1|0	1|0	MATCH	MATCH
chr6:31347952:T:C	0|1	0|1	MATCH	MATCH
chr6:31347978:A:G	1|0	1|0	MATCH	MATCH
chr6:31348015:T:C	1|0	1|0	MATCH	MATCH
chr6:31348028:G:C	1|0	1|0	MATCH	MATCH
chr6:31348083:A:G	0|1	0|1	MATCH	MATCH
chr6:31348084:G:A	1|0	1|0	MATCH	MATCH
chr6:31348102:T:G	1|0	1|0	MATCH	MATCH
chr6:31348156:A:G	1|0	1|0	MATCH	MATCH
chr6:31348182:A:G	1|0	1|0	MATCH	MATCH
chr6:31348222:A:G	1|0	1|0	MATCH	MATCH
chr6:31348267:C:T	1|0	1|0	MATCH	MATCH
chr6:31348302:A:C	0|1	0|1	MATCH	MATCH
chr6:31348303:C:T	1|0	1|0	MATCH	MATCH
chr6:31348374:C:T	1|0	1|0	MATCH	MATCH
chr6:31348457:A:C	1|0	1|0	MATCH	MATCH
chr6:31348504:C:T	1|0	1|0	MATCH	MATCH
chr6:31348511:T:C	1|0	1|0	MATCH	MATCH
chr6:31348547:A:G	0|1	0|1	MATCH	MATCH
chr6:31348610:C:T	1|0	1|0	MATCH	MATCH
chr6:31348640:A:G	1|0	0|0	DIFF	ERROR
chr6:31348671:T:A	1|0	0|0	DIFF	ERROR
chr6:31348705:G:A	1|0	0|0	DIFF	ERROR
chr6:31348743:G:A	1|0	0|0	DIFF	ERROR
chr6:31348749:T:C	1|0	0|0	DIFF	ERROR
chr6:31348758:T:C	1|0	0|0	DIFF	ERROR
chr6:31348785:GTGTT:G	0|1	0|1	MATCH	MATCH
chr6:31348836:G:A	1|0	1|0	MATCH	MATCH
chr6:31348873:G:C	1|0	1|0	MATCH	MATCH
chr6:31348874:T:C	1|0	1|0	MATCH	MATCH
chr6:31348936:G:A	1|0	1|0	MATCH	MATCH
chr6:31349133:A:T	0|1	0|1	MATCH	MATCH
chr6:31349286:A:G	1|0	1|0	MATCH	MATCH
chr6:31349288:T:C	1|0	1|0	MATCH	MATCH
chr6:31349322:G:T	1|0	1|0	MATCH	MATCH
chr6:31349352:G:T	1|0	1|0	MATCH	MATCH
chr6:31349455:G:C	1|0	1|0	MATCH	MATCH
chr6:31349507:G:A	0|1	0|1	MATCH	MATCH
chr6:31349570:C:T	1|0	1|0	MATCH	MATCH
chr6:31349633:C:T	0|1	0|1	MATCH	MATCH
chr6:31349701:T:G	1|0	1|0	MATCH	MATCH
chr6:31349777:CCT:C	1|0	1|0	MATCH	MATCH
chr6:31350051:T:C	1|0	1|0	MATCH	MATCH
chr6:31350080:T:C	0|1	0|1	MATCH	MATCH
chr6:31350531:G:T	1|0	1|0	MATCH	MATCH
chr6:31350608:G:A	1|0	1|0	MATCH	MATCH
chr6:31350655:T:C	1|0	1|0	MATCH	MATCH
chr6:31351380:C:A	1|0	1|0	MATCH	MATCH
chr6:31351578:G:T	1|0	1|0	MATCH	MATCH
chr6:31352060:T:TGGA	1|0	1|0	MATCH	MATCH
chr6:31352095:C:A	0|1	0|1	MATCH	MATCH
chr6:31352114:G:T	1|0	1|0	MATCH	MATCH
chr6:31352119:T:C	1|0	1|0	MATCH	MATCH
chr6:31352146:C:G	1|0	1|0	MATCH	MATCH
chr6:31352344:T:C	0|1	0|1	MATCH	MATCH
chr6:31352361:T:C	0|1	0|1	MATCH	MATCH
chr6:31352387:G:A	1|0	1|0	MATCH	MATCH
chr6:31352464:G:A	1|0	1|0	MATCH	MATCH
chr6:31352557:C:T	0|1	0|1	MATCH	MATCH
chr6:31352564:G:A	0|1	0|1	MATCH	MATCH
chr6:31352571:G:A	0|1	0|1	MATCH	MATCH
chr6:31352598:C:A	0|1	0|1	MATCH	MATCH
chr6:31352627:C:T	0|1	0|1	MATCH	MATCH
chr6:31352638:T:C	0|1	0|1	MATCH	MATCH
chr6:31352690:C:T	0|1	0|1	MATCH	MATCH
chr6:31352696:C:G	0|1	0|1	MATCH	MATCH
chr6:31352799:CAA:C	0|1	0|1	MATCH	MATCH
chr6:31352803:C:G	0|1	0|1	MATCH	MATCH
chr6:31352865:C:T	0|1	0|1	MATCH	MATCH
chr6:31352877:T:C	0|1	0|1	MATCH	MATCH
chr6:31353310:T:G	0|1	0|1	MATCH	MATCH
chr6:31353434:C:T	0|1	0|1	MATCH	MATCH
chr6:31353490:A:C	1|0	1|0	MATCH	MATCH
chr6:31353652:T:A	1|0	1|0	MATCH	MATCH
chr6:31353801:A:G	1|0	1|0	MATCH	MATCH
chr6:31354356:A:G	0|1	0|1	MATCH	MATCH
chr6:31354526:C:G	0|1	0|1	MATCH	MATCH
chr6:31354625:C:T	1|0	1|0	MATCH	MATCH
chr6:31354682:T:C	1|0	1|0	MATCH	MATCH
chr6:31354745:C:A	0|1	0|1	MATCH	MATCH
chr6:31354911:T:C	1|0	1|0	MATCH	MATCH
chr6:31354917:T:C	0|1	0|1	MATCH	MATCH
chr6:31355013:T:A	1|0	1|0	MATCH	MATCH
chr6:31355134:C:T	0|1	0|1	MATCH	MATCH
chr6:31355203:C:T	0|1	0|1	MATCH	MATCH
chr6:31355219:C:T	0|1	0|1	MATCH	MATCH
chr6:31355262:T:TGAAGGGCTCCA	0|1	0|1	MATCH	MATCH
chr6:31355288:G:C	0|1	0|1	MATCH	MATCH
chr6:31355456:A:G	0|1	0|1	MATCH	MATCH
chr6:31355576:G:A	0|1	0|1	MATCH	MATCH
chr6:31355639:G:C	1|0	1|0	MATCH	MATCH
chr6:31355723:CCT:C	1|0	1|0	MATCH	MATCH
chr6:31355729:C:T	1|0	1|0	MATCH	MATCH
chr6:31355780:C:T	0|1	0|1	MATCH	MATCH
chr6:31355999:T:TC	0|1	0|1	MATCH	MATCH
chr6:31356176:C:G	0|1	0|1	MATCH	MATCH
chr6:31356183:G:C	0|1	0|1	MATCH	MATCH
chr6:31356226:T:A,G	2|1	2|1	MATCH	MATCH
chr6:31356227:C:G,T	2|1	2|1	MATCH	MATCH
chr6:31356259:T:A	1|0	1|0	MATCH	MATCH
chr6:31356323:G:T	0|1	0|1	MATCH	MATCH
chr6:31356366:G:T	0|1	0|1	MATCH	MATCH
chr6:31356377:G:A	0|1	0|1	MATCH	MATCH
chr6:31356399:C:G	0|1	0|1	MATCH	MATCH
chr6:31356417:G:A	0|1	0|1	MATCH	MATCH
chr6:31356450:C:A	0|1	0|1	MATCH	MATCH
chr6:31356470:T:TC	1|0	1|0	MATCH	MATCH
chr6:31356477:A:AGCCCC	0|1	0|1	MATCH	MATCH
chr6:31356638:A:C	1|0	1|0	MATCH	MATCH
chr6:31356714:C:A	0|1	0|0	DIFF	ERROR
chr6:31356729:C:T	0|1	0|1	MATCH	MATCH
chr6:31356739:C:A	0|1	0|1	MATCH	MATCH
chr6:31356770:G:C	0|1	0|1	MATCH	MATCH
chr6:31356772:T:C	0|1	0|1	MATCH	MATCH
chr6:31356809:C:T	0|1	0|1	MATCH	MATCH
chr6:31356838:C:T	0|1	0|1	MATCH	MATCH
chr6:31356864:T:A	0|1	0|1	MATCH	MATCH
chr6:31356887:T:G	0|1	0|1	MATCH	MATCH
chr6:31357011:T:C	0|1	0|1	MATCH	MATCH
chr6:31357013:A:G	0|1	0|1	MATCH	MATCH
chr6:31357053:G:A	0|1	0|1	MATCH	MATCH
chr6:31357070:C:G	0|1	0|1	MATCH	MATCH
chr6:31357144:C:T	0|1	0|1	MATCH	MATCH
chr6:31357148:A:G	0|1	0|1	MATCH	MATCH
chr6:31357154:A:C	0|1	0|1	MATCH	MATCH
chr6:31357176:C:T	0|1	0|1	MATCH	MATCH
chr6:31357246:T:C	0|1	0|1	MATCH	MATCH
chr6:31357248:T:C	0|1	0|1	MATCH	MATCH
chr6:31357279:C:T	1|0	1|0	MATCH	MATCH
chr6:31357315:A:G	0|1	0|1	MATCH	MATCH
chr6:31357338:A:G	0|1	0|1	MATCH	MATCH
chr6:31357339:G:T	0|1	0|1	MATCH	MATCH
chr6:31357416:T:C	0|1	0|1	MATCH	MATCH
chr6:31357422:A:G	0|1	0|1	MATCH	MATCH
chr6:31357493:G:C	0|1	0|1	MATCH	MATCH
chr6:31357540:C:T	0|1	0|1	MATCH	MATCH
chr6:31357564:G:C	0|1	0|1	MATCH	MATCH
chr6:31357603:C:T	0|1	0|1	MATCH	MATCH
chr6:31357626:AC:A	0|1	0|1	MATCH	MATCH
chr6:31357647:G:T	0|1	0|1	MATCH	MATCH
chr6:31357653:G:A	0|1	0|1	MATCH	MATCH
chr6:31357666:A:G	0|1	0|1	MATCH	MATCH
chr6:31357717:T:C	0|1	0|1	MATCH	MATCH
chr6:31357727:T:C	0|1	0|1	MATCH	MATCH
chr6:31357736:C:G	0|1	0|1	MATCH	MATCH
chr6:31357744:G:C	0|1	0|1	MATCH	MATCH
chr6:31357749:G:A	0|1	0|1	MATCH	MATCH
chr6:31357752:T:C	0|1	0|1	MATCH	MATCH
chr6:31357755:G:A	0|1	0|1	MATCH	MATCH
chr6:31357788:G:A	0|1	0|1	MATCH	MATCH
chr6:31357843:T:C	0|1	0|1	MATCH	MATCH
chr6:31357846:T:C	0|1	0|1	MATCH	MATCH
chr6:31357915:G:A	0|1	0|1	MATCH	MATCH
chr6:31357925:A:G	0|1	0|1	MATCH	MATCH
chr6:31357968:T:C	0|1	0|1	MATCH	MATCH
chr6:31357981:G:A	0|1	0|1	MATCH	MATCH
chr6:31357987:C:G	0|1	0|1	MATCH	MATCH
chr6:31358015:A:G	0|1	0|1	MATCH	MATCH
chr6:31358045:G:A	0|1	0|1	MATCH	MATCH
chr6:31358074:T:G	0|1	0|1	MATCH	MATCH
chr6:31358103:G:A	0|1	0|1	MATCH	MATCH
chr6:31358104:A:G	0|1	0|1	MATCH	MATCH
chr6:31358109:G:C	0|1	0|1	MATCH	MATCH
chr6:31358297:A:T	1|0	1|0	MATCH	MATCH
chr6:31358354:C:T	0|1	0|1	MATCH	MATCH
chr6:31358389:C:T	0|1	0|1	MATCH	MATCH
chr6:31358398:G:T	0|1	0|1	MATCH	MATCH
chr6:31358409:A:ATTG	0|1	0|1	MATCH	MATCH
chr6:31358474:C:T	0|1	0|1	MATCH	MATCH
chr6:31358512:G:A	0|1	0|1	MATCH	MATCH
chr6:31358745:GC:G	0|1	0|1	MATCH	MATCH
chr6:31358835:G:A	0|1	0|1	MATCH	MATCH
chr6:31358836:A:G	0|1	0|1	MATCH	MATCH
chr6:31358841:G:A	0|1	0|1	MATCH	MATCH
chr6:31358852:C:T	0|1	0|1	MATCH	MATCH
chr6:31358906:G:A	0|1	0|1	MATCH	MATCH
chr6:31358926:T:C	1|0	1|0	MATCH	MATCH
chr6:31359171:C:A	0|1	0|1	MATCH	MATCH
chr6:31359387:C:T	1|0	1|0	MATCH	MATCH
chr6:31359401:G:A	1|0	1|0	MATCH	MATCH
chr6:31359440:C:A	0|1	0|1	MATCH	MATCH
chr6:31359464:C:A	0|1	0|1	MATCH	MATCH
chr6:31359557:G:T	0|1	0|1	MATCH	MATCH
chr6:31359594:C:T	0|1	0|1	MATCH	MATCH
chr6:31359605:G:T	0|1	0|1	MATCH	MATCH
chr6:31359623:T:C	0|1	0|1	MATCH	MATCH
chr6:31359727:T:C	0|1	0|1	MATCH	MATCH
chr6:31359883:G:A	1|0	1|0	MATCH	MATCH
chr6:31359892:T:C	0|1	0|1	MATCH	MATCH
chr6:31359961:C:A	0|1	0|1	MATCH	MATCH
chr6:31359980:T:C	0|1	0|1	MATCH	MATCH
chr6:31359986:C:G	0|1	0|1	MATCH	MATCH
chr6:31360010:A:G	0|1	0|1	MATCH	MATCH
chr6:31360113:A:G	1|0	1|0	MATCH	MATCH
chr6:31360118:G:A	0|1	0|1	MATCH	MATCH
chr6:31360128:C:G	0|1	0|1	MATCH	MATCH
chr6:31360220:C:CT	0|1	0|1	MATCH	MATCH
chr6:31360281:C:G	0|1	0|1	MATCH	MATCH
chr6:31360315:A:G	0|1	0|1	MATCH	MATCH
chr6:31360332:G:A	0|1	0|1	MATCH	MATCH
chr6:31360341:C:T	0|1	0|1	MATCH	MATCH
chr6:31360639:C:T	0|1	0|1	MATCH	MATCH
chr6:31360740:T:C	0|1	0|1	MATCH	MATCH
chr6:31360741:G:A	0|1	0|1	MATCH	MATCH
chr6:31360765:G:A	0|1	0|1	MATCH	MATCH
chr6:31361211:C:G	1|0	1|0	MATCH	MATCH
chr6:31361315:A:C	0|1	0|1	MATCH	MATCH
chr6:31361514:T:A	1|0	1|0	MATCH	MATCH
chr6:31361588:C:T	0|1	0|1	MATCH	MATCH
chr6:31361595:A:G	0|1	0|1	MATCH	MATCH
chr6:31361597:A:C	1|0	1|0	MATCH	MATCH
chr6:31361609:A:G	1|0	1|0	MATCH	MATCH
chr6:31361810:A:AT	0|1	0|1	MATCH	MATCH
chr6:31361824:C:A	0|1	0|1	MATCH	MATCH
chr6:31361832:G:T	0|1	0|1	MATCH	MATCH
chr6:31361865:C:T	1|0	1|0	MATCH	MATCH
chr6:31361914:T:A	1|0	1|0	MATCH	MATCH
chr6:31361957:C:T	0|1	0|1	MATCH	MATCH
chr6:31362144:T:G	1|0	1|0	MATCH	MATCH
chr6:31362155:G:A	1|0	1|0	MATCH	MATCH
chr6:31362238:C:G	1|0	1|0	MATCH	MATCH
chr6:31362362:A:G	1|0	1|0	MATCH	MATCH
chr6:31362474:T:G	0|1	0|1	MATCH	MATCH
chr6:31362557:T:A,G	1|2	1|2	MATCH	MATCH
chr6:31362582:C:T	1|0	1|0	MATCH	MATCH
chr6:31362593:G:A	0|1	0|1	MATCH	MATCH
chr6:31362834:C:A	1|0	1|0	MATCH	MATCH
chr6:31362841:C:T	1|0	1|0	MATCH	MATCH
chr6:31362919:C:T	0|1	0|1	MATCH	MATCH
chr6:31363260:G:A	0|1	0|1	MATCH	MATCH
chr6:31363318:G:A	1|0	1|0	MATCH	MATCH
chr6:31363480:G:A	1|0	1|0	MATCH	MATCH
chr6:31364052:C:T	0|1	0|1	MATCH	MATCH
chr6:31364177:C:T	1|0	1|0	MATCH	MATCH
chr6:31364200:G:T	1|0	1|0	MATCH	MATCH
chr6:31364274:A:G	0|1	0|1	MATCH	MATCH
chr6:31364301:C:T	0|1	0|1	MATCH	MATCH
chr6:31364314:T:G	0|1	0|1	MATCH	MATCH
chr6:31364462:A:C	0|1	0|1	MATCH	MATCH
chr6:31364479:C:A	1|0	1|0	MATCH	MATCH
chr6:31364719:G:A	1|0	1|0	MATCH	MATCH
chr6:31364749:C:T	0|1	0|1	MATCH	MATCH
chr6:31364750:G:A	1|0	1|0	MATCH	MATCH
chr6:31365138:C:T	0|1	0|1	MATCH	MATCH
chr6:31365143:G:A	1|0	1|0	MATCH	MATCH
chr6:31365242:T:C	1|0	1|0	MATCH	MATCH
chr6:31365286:C:T	0|1	0|1	MATCH	MATCH
chr6:31365318:G:A	1|0	1|0	MATCH	MATCH
chr6:31365414:T:C	0|1	0|1	MATCH	MATCH
chr6:31365722:G:A	1|0	1|0	MATCH	MATCH
chr6:31365785:G:A	1|0	1|0	MATCH	MATCH
chr6:31365939:G:A	0|1	0|1	MATCH	MATCH
chr6:31366137:A:G	0|1	0|1	MATCH	MATCH
chr6:31366186:T:C	1|0	1|0	MATCH	MATCH
chr6:31366397:G:A	0|1	0|1	MATCH	MATCH
chr6:31366645:T:C	1|0	1|0	MATCH	MATCH
chr6:31366874:C:G	1|0	1|0	MATCH	MATCH
chr6:31366954:G:C	0|1	0|1	MATCH	MATCH
chr6:31367168:T:C	0|1	0|1	MATCH	MATCH
chr6:31367544:T:C	1|0	1|0	MATCH	MATCH
chr6:31367553:G:C	1|0	1|0	MATCH	MATCH
chr6:31367654:T:C	1|0	1|0	MATCH	MATCH
chr6:31367677:A:C	1|0	1|0	MATCH	MATCH
chr6:31367730:C:T	0|1	0|1	MATCH	MATCH
chr6:31367798:A:C	1|0	1|0	MATCH	MATCH
chr6:31367805:T:C	0|1	0|1	MATCH	MATCH
chr6:31367846:A:G	0|1	0|1	MATCH	MATCH
chr6:31367870:T:C	1|0	1|0	MATCH	MATCH
chr6:31368124:A:G	1|0	1|0	MATCH	MATCH
chr6:31368151:C:T	1|0	1|0	MATCH	MATCH
chr6:31368199:G:C	1|0	1|0	MATCH	MATCH
chr6:31368223:A:G	0|1	0|1	MATCH	MATCH
chr6:31368493:C:T	1|0	1|0	MATCH	MATCH
chr6:31368827:C:T	1|0	1|0	MATCH	MATCH
chr6:31368851:C:T	0|1	0|1	MATCH	MATCH
chr6:31368867:G:A	0|1	0|1	MATCH	MATCH
chr6:31369093:C:T	1|0	1|0	MATCH	MATCH
chr6:31369114:G:A	1|0	1|0	MATCH	MATCH
chr6:31369229:G:A	1|0	1|0	MATCH	MATCH
chr6:31369359:C:T	1|0	1|0	MATCH	MATCH
chr6:31369369:A:G	1|0	1|0	MATCH	MATCH
chr6:31369393:T:A	1|0	1|0	MATCH	MATCH
chr6:31369653:TTTTTCCGTTCAGGCATATCC:T	1|0	1|0	MATCH	MATCH
chr6:31369654:T:A,*	2|1	2|1	MATCH	MATCH
chr6:31369877:A:G	0|1	0|1	MATCH	MATCH
chr6:31369926:T:A	1|0	1|0	MATCH	MATCH
chr6:31370003:C:G	0|1	0|1	MATCH	MATCH
chr6:31374659:C:T	0|1	0|1	MATCH	MATCH
chr6:31374964:G:A	1|0	1|0	MATCH	MATCH
chr6:31375004:A:G	0|1	0|1	MATCH	MATCH
chr6:31375444:C:T	0|1	0|1	MATCH	MATCH
chr6:31375524:T:C	1|0	1|0	MATCH	MATCH
chr6:31375946:A:G	1|0	1|0	MATCH	MATCH
chr6:31376097:C:T	1|0	1|0	MATCH	MATCH
chr6:31376142:G:A	0|1	0|1	MATCH	MATCH
chr6:31376204:T:C	0|1	0|1	MATCH	MATCH
chr6:31376231:T:G	0|1	0|1	MATCH	MATCH
chr6:31376321:C:T	0|1	0|1	MATCH	MATCH
chr6:31376496:T:C	1|0	1|0	MATCH	MATCH
chr6:31376613:A:G	1|0	1|0	MATCH	MATCH
chr6:31376713:G:A	0|1	0|1	MATCH	MATCH
chr6:31376734:G:T	0|1	0|1	MATCH	MATCH
chr6:31376794:T:G	0|1	0|1	MATCH	MATCH
chr6:31376880:G:A	1|0	1|0	MATCH	MATCH
chr6:31376893:C:T	0|1	0|1	MATCH	MATCH
chr6:31377077:C:A	1|0	1|0	MATCH	MATCH
chr6:31377078:C:T	0|1	0|1	MATCH	MATCH
chr6:31377099:A:G	1|0	1|0	MATCH	MATCH
chr6:31377452:G:A	1|0	1|0	MATCH	MATCH
chr6:31377493:C:T	1|0	1|0	MATCH	MATCH
chr6:31377599:C:T	1|0	1|0	MATCH	MATCH
chr6:31377736:T:G	0|1	0|1	MATCH	MATCH
chr6:31377746:C:T	0|1	0|1	MATCH	MATCH
chr6:31377758:C:T	0|1	0|1	MATCH	MATCH
chr6:31377819:G:A	1|0	1|0	MATCH	MATCH
chr6:31377863:C:G	0|1	0|1	MATCH	MATCH
chr6:31377951:G:T	0|1	0|1	MATCH	MATCH
chr6:31378004:A:G	0|1	0|1	MATCH	MATCH
chr6:31378067:G:A	0|1	0|1	MATCH	MATCH
chr6:31378229:C:T	0|1	0|1	MATCH	MATCH
chr6:31378303:G:A	0|1	0|1	MATCH	MATCH
chr6:31378472:C:T	0|1	0|1	MATCH	MATCH
chr6:31378582:G:A	0|1	0|1	MATCH	MATCH
chr6:31378668:G:T	1|0	1|0	MATCH	MATCH
chr6:31378713:G:A	0|1	0|1	MATCH	MATCH
chr6:31378844:G:C	1|0	1|0	MATCH	MATCH
chr6:31378876:A:G	1|0	1|0	MATCH	MATCH
chr6:31378977:C:G	0|1	0|1	MATCH	MATCH
chr6:31378978:G:A	0|1	0|1	MATCH	MATCH
chr6:31379028:A:G	0|1	0|1	MATCH	MATCH
chr6:31379072:CG:C	1|0	1|0	MATCH	MATCH
chr6:31379152:T:G	1|0	1|0	MATCH	MATCH
chr6:31379160:G:A	0|1	0|1	MATCH	MATCH
chr6:31379201:A:T	0|1	0|1	MATCH	MATCH
chr6:31379243:G:A	0|1	0|1	MATCH	MATCH
chr6:31379256:A:G	0|1	0|1	MATCH	MATCH
chr6:31379268:C:G	0|1	0|1	MATCH	MATCH
chr6:31379280:C:T	0|1	0|1	MATCH	MATCH
chr6:31379292:C:T	1|0	1|0	MATCH	MATCH
chr6:31379293:G:T	0|1	0|1	MATCH	MATCH
chr6:31379367:G:A	1|0	1|0	MATCH	MATCH
chr6:31379427:A:T	0|1	0|1	MATCH	MATCH
chr6:31379674:A:G	0|1	0|1	MATCH	MATCH
chr6:31379773:G:T	0|1	0|1	MATCH	MATCH
chr6:31379789:A:G	0|1	0|1	MATCH	MATCH
chr6:31380100:G:A	0|1	0|1	MATCH	MATCH
chr6:31380153:C:T	1|0	1|0	MATCH	MATCH
chr6:31380203:A:T	1|0	1|0	MATCH	MATCH
chr6:31380207:G:A	1|0	1|0	MATCH	MATCH
chr6:31380245:G:C	1|0	1|0	MATCH	MATCH
chr6:31380263:T:C	1|0	1|0	MATCH	MATCH
chr6:31380269:G:A	1|0	1|0	MATCH	MATCH
chr6:31380300:G:A	1|0	1|0	MATCH	MATCH
chr6:31380344:A:G	1|0	1|0	MATCH	MATCH
chr6:31380360:T:G	1|0	1|0	MATCH	MATCH
chr6:31380387:C:T	1|0	1|0	MATCH	MATCH
chr6:31380490:C:CT	1|0	1|0	MATCH	MATCH
chr6:31380513:GT:G	1|0	1|0	MATCH	MATCH
chr6:31380527:A:G	1|0	1|0	MATCH	MATCH
chr6:31380544:G:A	1|0	1|0	MATCH	MATCH
chr6:31380588:G:A	1|0	1|0	MATCH	MATCH
chr6:31380600:A:G	1|0	1|0	MATCH	MATCH
chr6:31380614:C:T	1|0	1|0	MATCH	MATCH
chr6:31380615:AAG:A	1|0	1|0	MATCH	MATCH
chr6:31380620:G:T	1|0	1|0	MATCH	MATCH
chr6:31380621:A:T	1|0	1|0	MATCH	MATCH
chr6:31380626:G:T	1|0	1|0	MATCH	MATCH
chr6:31380659:C:T	1|0	1|0	MATCH	MATCH
chr6:31380687:G:A	1|0	1|0	MATCH	MATCH
chr6:31380728:T:C	1|0	1|0	MATCH	MATCH
chr6:31380730:C:G	1|0	1|0	MATCH	MATCH
chr6:31380739:G:A	1|0	1|0	MATCH	MATCH
chr6:31380742:A:G	1|0	1|0	MATCH	MATCH
chr6:31380803:A:G	1|0	1|0	MATCH	MATCH
chr6:31380832:C:T	1|0	1|0	MATCH	MATCH
chr6:31380852:A:G	1|0	1|0	MATCH	MATCH
chr6:31381002:A:T	1|0	1|0	MATCH	MATCH
chr6:31381101:T:C	1|0	1|0	MATCH	MATCH
chr6:31381102:G:A	1|0	1|0	MATCH	MATCH
chr6:31381158:C:A	1|0	1|0	MATCH	MATCH
chr6:31381159:A:G	1|0	1|0	MATCH	MATCH
chr6:31381325:CA:C	1|0	1|0	MATCH	MATCH
chr6:31381338:T:C	1|0	1|0	MATCH	MATCH
chr6:31381347:A:G	1|0	1|0	MATCH	MATCH
chr6:31381440:T:C	1|0	1|0	MATCH	MATCH
chr6:31381445:A:C	1|0	1|0	MATCH	MATCH
chr6:31381456:T:A	1|0	1|0	MATCH	MATCH
chr6:31381465:AT:A	1|0	1|0	MATCH	MATCH
chr6:31381477:G:A	1|0	1|0	MATCH	MATCH
chr6:31381480:G:A	1|0	1|0	MATCH	MATCH
chr6:31381619:C:T	1|0	1|0	MATCH	MATCH
chr6:31381625:A:G	1|0	1|0	MATCH	MATCH
chr6:31381834:A:G	1|0	1|0	MATCH	MATCH
chr6:31381838:G:A	1|0	1|0	MATCH	MATCH
chr6:31381943:C:T	1|0	1|0	MATCH	MATCH
chr6:31381950:C:T	1|0	1|0	MATCH	MATCH
chr6:31381966:A:G	1|0	1|0	MATCH	MATCH
chr6:31382011:C:T	1|0	1|0	MATCH	MATCH
chr6:31382028:C:A	1|0	1|0	MATCH	MATCH
chr6:31382042:C:A	1|0	1|0	MATCH	MATCH
chr6:31382313:C:T	1|0	1|0	MATCH	MATCH
chr6:31382377:C:T	0|1	0|1	MATCH	MATCH
chr6:31382455:A:G	1|0	1|0	MATCH	MATCH
chr6:31382526:T:G	1|0	1|0	MATCH	MATCH
chr6:31382537:G:C	0|1	0|1	MATCH	MATCH
chr6:31382551:A:G	1|0	1|0	MATCH	MATCH
chr6:31382687:C:A	1|0	1|0	MATCH	MATCH
chr6:31382761:A:G	1|0	1|0	MATCH	MATCH
chr6:31382802:T:C	1|0	1|0	MATCH	MATCH
chr6:31382927:C:T	1|0	1|0	MATCH	MATCH
chr6:31382978:C:A	1|0	1|0	MATCH	MATCH
chr6:31383025:G:A	1|0	1|0	MATCH	MATCH
chr6:31383045:G:T	0|1	0|1	MATCH	MATCH
chr6:31383302:C:T	0|1	0|1	MATCH	MATCH
chr6:31383342:T:TG	0|1	0|1	MATCH	MATCH
chr6:31383356:C:A	0|1	0|1	MATCH	MATCH
chr6:31383398:G:C	0|1	0|1	MATCH	MATCH
chr6:31383404:C:T	0|1	0|1	MATCH	MATCH
chr6:31383735:G:A	0|1	0|1	MATCH	MATCH
chr6:31383745:A:C	0|1	0|1	MATCH	MATCH
chr6:31383753:T:C	0|1	0|1	MATCH	MATCH
chr6:31383772:G:A	0|1	0|1	MATCH	MATCH
chr6:31383779:T:C	0|1	0|1	MATCH	MATCH
chr6:31383887:G:A	1|0	1|0	MATCH	MATCH
chr6:31383956:T:C	0|1	0|1	MATCH	MATCH
chr6:31384204:G:T	0|1	0|1	MATCH	MATCH
chr6:31384205:A:G	0|1	0|1	MATCH	MATCH
chr6:31384208:C:T	0|1	0|1	MATCH	MATCH
chr6:31384214:G:A	1|0	1|0	MATCH	MATCH
chr6:31384216:C:T	1|0	1|0	MATCH	MATCH
chr6:31384222:A:G	0|1	0|1	MATCH	MATCH
chr6:31384296:G:C	0|1	0|1	MATCH	MATCH
chr6:31384300:G:A	0|1	0|1	MATCH	MATCH
chr6:31384309:T:C	0|1	0|1	MATCH	MATCH
chr6:31384336:T:C	0|1	0|1	MATCH	MATCH
chr6:31384396:A:G	0|1	0|1	MATCH	MATCH
chr6:31384424:G:A	0|1	0|1	MATCH	MATCH
chr6:31384478:T:G	0|1	0|1	MATCH	MATCH
chr6:31384488:C:G	0|1	0|1	MATCH	MATCH
chr6:31384510:A:G	0|1	0|1	MATCH	MATCH
chr6:31384551:G:T	0|1	0|1	MATCH	MATCH
chr6:31384589:C:A	0|1	0|1	MATCH	MATCH
chr6:31384682:G:T	0|1	0|1	MATCH	MATCH
chr6:31384772:T:C	0|1	0|1	MATCH	MATCH
chr6:31384897:G:A	0|1	0|1	MATCH	MATCH
chr6:31384925:T:G	0|1	0|1	MATCH	MATCH
chr6:31384971:T:C	0|1	0|1	MATCH	MATCH
chr6:31384999:A:G	0|1	0|1	MATCH	MATCH
chr6:31385053:G:A	0|1	0|1	MATCH	MATCH
chr6:31385067:G:A	0|1	0|1	MATCH	MATCH
chr6:31385125:C:T	0|1	0|1	MATCH	MATCH
chr6:31385196:A:G	0|1	0|1	MATCH	MATCH
chr6:31385207:A:G	0|1	0|1	MATCH	MATCH
chr6:31385256:C:T	0|1	0|1	MATCH	MATCH
chr6:31385262:A:T	0|1	0|1	MATCH	MATCH
chr6:31385394:A:G	1|0	1|0	MATCH	MATCH
chr6:31385816:G:A	0|1	0|1	MATCH	MATCH
chr6:31385862:C:T	0|1	0|1	MATCH	MATCH
chr6:31386015:T:G	0|1	0|1	MATCH	MATCH
chr6:31386018:C:T	0|1	0|1	MATCH	MATCH
chr6:31386157:G:A	0|1	0|1	MATCH	MATCH
chr6:31386215:G:C	0|1	0|1	MATCH	MATCH
chr6:31386327:T:C	0|1	0|1	MATCH	MATCH
chr6:31386388:G:A	0|1	0|1	MATCH	MATCH
chr6:31386390:C:G	0|1	0|1	MATCH	MATCH
chr6:31386506:C:A	0|1	0|1	MATCH	MATCH
chr6:31386567:G:A	0|1	0|1	MATCH	MATCH
chr6:31386818:T:C	0|1	0|1	MATCH	MATCH
chr6:31387043:A:G	0|1	0|1	MATCH	MATCH
chr6:31387541:T:C	1|0	1|0	MATCH	MATCH
chr6:31387557:A:T	0|1	0|1	MATCH	MATCH
chr6:31387589:C:T	0|1	0|1	MATCH	MATCH
chr6:31387748:T:C	0|1	0|1	MATCH	MATCH
chr6:31388283:G:A	0|1	0|1	MATCH	MATCH
chr6:31388284:A:C	0|1	0|1	MATCH	MATCH
chr6:31388797:G:A	0|1	0|1	MATCH	MATCH
chr6:31388925:T:C	0|1	0|1	MATCH	MATCH
chr6:31389007:C:T	0|1	0|1	MATCH	MATCH
chr6:31389065:G:A	1|0	1|0	MATCH	MATCH
chr6:31389166:A:T	1|0	1|0	MATCH	MATCH
chr6:31390319:G:A	0|1	0|1	MATCH	MATCH
chr6:31390566:G:T	0|1	0|1	MATCH	MATCH
chr6:31390648:C:T	1|0	1|0	MATCH	MATCH
chr6:31390673:T:A	1|0	1|0	MATCH	MATCH
chr6:31391141:A:G	0|1	0|1	MATCH	MATCH
chr6:31391142:C:G	0|1	0|1	MATCH	MATCH
chr6:31391166:T:C	0|1	0|1	MATCH	MATCH
chr6:31391178:A:T	0|1	0|1	MATCH	MATCH
chr6:31391198:C:A	0|1	0|1	MATCH	MATCH
chr6:31391248:A:T	0|1	0|1	MATCH	MATCH
chr6:31391430:G:A	0|1	0|1	MATCH	MATCH
chr6:31391591:G:A	0|1	0|1	MATCH	MATCH
chr6:31391613:C:T	0|1	0|1	MATCH	MATCH
chr6:31391871:T:C	0|1	0|1	MATCH	MATCH
chr6:31391888:C:T	0|1	0|1	MATCH	MATCH
chr6:31391909:C:A	0|1	0|1	MATCH	MATCH
chr6:31392212:C:T	0|1	0|1	MATCH	MATCH
chr6:31392612:T:C	0|1	0|1	MATCH	MATCH
chr6:31392886:C:T	1|0	1|0	MATCH	MATCH
chr6:31392895:G:A	0|1	0|1	MATCH	MATCH
chr6:31393074:T:G	0|1	0|1	MATCH	MATCH
chr6:31393141:C:T	0|1	0|1	MATCH	MATCH
chr6:31393232:G:A	0|1	0|1	MATCH	MATCH
chr6:31393333:A:C	0|1	0|1	MATCH	MATCH
chr6:31393491:A:C	0|1	0|1	MATCH	MATCH
chr6:31393548:T:A	0|1	0|1	MATCH	MATCH
chr6:31393647:C:T	0|1	0|1	MATCH	MATCH
chr6:31394077:A:T	0|1	0|1	MATCH	MATCH
chr6:31394120:A:C	0|1	0|1	MATCH	MATCH
chr6:31394389:C:T	0|1	0|1	MATCH	MATCH
chr6:31394488:T:C	0|1	0|1	MATCH	MATCH
chr6:31394489:G:A	0|1	0|1	MATCH	MATCH
chr6:31394497:G:A	0|1	0|1	MATCH	MATCH
chr6:31394533:C:T	0|1	0|1	MATCH	MATCH
chr6:31394612:C:T	0|1	0|1	MATCH	MATCH
chr6:31394671:A:T	0|1	0|1	MATCH	MATCH
chr6:31395630:C:T	1|0	1|0	MATCH	MATCH
chr6:31395654:AAAAC:A	1|0	1|0	MATCH	MATCH
chr6:31395681:TAC:T	0|1	0|1	MATCH	MATCH
chr6:31395712:G:A	0|1	0|1	MATCH	MATCH
chr6:31395724:A:C	0|1	0|1	MATCH	MATCH
chr6:31395903:A:G	0|1	0|1	MATCH	MATCH
chr6:31395993:C:G	0|1	0|1	MATCH	MATCH
chr6:31396012:T:A	0|1	0|1	MATCH	MATCH
chr6:31396017:A:G	0|1	0|1	MATCH	MATCH
chr6:31396019:A:C	0|1	0|1	MATCH	MATCH
chr6:31396021:C:G	0|1	0|1	MATCH	MATCH
chr6:31396028:A:C	0|1	0|1	MATCH	MATCH
chr6:31396070:C:T	0|1	0|1	MATCH	MATCH
chr6:31396171:A:G	0|1	0|1	MATCH	MATCH
chr6:31396299:C:T	0|1	0|1	MATCH	MATCH
chr6:31396306:C:A	0|1	0|1	MATCH	MATCH
chr6:31396328:A:G	0|1	0|1	MATCH	MATCH
chr6:31396430:C:T	0|1	0|1	MATCH	MATCH
chr6:31396459:C:T	0|1	0|1	MATCH	MATCH
chr6:31396465:G:A	0|1	0|1	MATCH	MATCH
chr6:31396580:G:A	0|1	0|1	MATCH	MATCH
chr6:31396682:C:T	0|1	0|1	MATCH	MATCH
chr6:31396792:T:C	0|1	0|1	MATCH	MATCH
chr6:31396826:C:T	0|1	0|1	MATCH	MATCH
chr6:31396915:G:C	0|1	0|1	MATCH	MATCH
chr6:31396930:G:A	1|0	1|0	MATCH	MATCH
chr6:31396999:A:G	0|1	0|1	MATCH	MATCH
chr6:31397055:C:A	0|1	0|1	MATCH	MATCH
chr6:31397531:T:G	0|1	0|1	MATCH	MATCH
chr6:31397759:T:C	0|1	0|1	MATCH	MATCH
chr6:31397770:G:A	0|1	0|1	MATCH	MATCH
chr6:31397930:G:A	1|0	1|0	MATCH	MATCH
chr6:31398541:A:G	0|1	0|1	MATCH	MATCH
chr6:31398818:C:T	0|1	0|1	MATCH	MATCH
chr6:31398845:A:G	0|1	0|1	MATCH	MATCH
chr6:31399065:A:T	0|1	0|1	MATCH	MATCH
chr6:31399246:C:G	0|1	0|1	MATCH	MATCH
chr6:31399588:C:A	0|1	0|1	MATCH	MATCH
chr6:31399930:T:C	0|1	0|1	MATCH	MATCH
chr6:31400061:C:A	0|1	0|1	MATCH	MATCH
chr6:31400088:G:A	1|0	1|0	MATCH	MATCH
chr6:31400159:G:A	0|1	0|1	MATCH	MATCH
chr6:31400348:C:G	0|1	0|1	MATCH	MATCH
chr6:31400377:T:C	0|1	0|1	MATCH	MATCH
chr6:31400593:T:C	0|1	0|1	MATCH	MATCH
chr6:31400763:C:G	0|1	0|1	MATCH	MATCH
chr6:31400811:G:A	0|1	0|1	MATCH	MATCH
chr6:31400855:G:A	0|1	0|1	MATCH	MATCH
chr6:31401187:C:T	0|1	0|1	MATCH	MATCH
chr6:31401374:G:A	1|0	1|0	MATCH	MATCH
chr6:31402230:A:C	0|1	0|1	MATCH	MATCH
chr6:31403744:T:C	0|1	0|1	MATCH	MATCH
chr6:31404792:C:T	1|0	1|0	MATCH	MATCH
chr6:31404887:C:T	0|1	0|1	MATCH	MATCH
chr6:31405397:C:T	1|0	1|0	MATCH	MATCH
chr6:31405483:G:C	0|1	0|1	MATCH	MATCH
chr6:31406033:G:A	0|1	0|1	MATCH	MATCH
chr6:31406485:A:C	0|1	0|1	MATCH	MATCH
chr6:31406905:G:C	0|1	0|1	MATCH	MATCH
chr6:31407552:GT:G	0|1	0|1	MATCH	MATCH
chr6:31408429:T:C	0|1	0|1	MATCH	MATCH
chr6:31408768:C:T	0|1	0|1	MATCH	MATCH
chr6:31409151:T:C	0|1	0|1	MATCH	MATCH
chr6:31409411:G:A	1|0	1|0	MATCH	MATCH
chr6:31409942:T:C	0|1	0|1	MATCH	MATCH
chr6:31409970:ACCGT:A	0|1	0|1	MATCH	MATCH
chr6:31409977:G:A	0|1	0|1	MATCH	MATCH
chr6:31410132:AG:A	0|1	0|1	MATCH	MATCH
chr6:31410201:C:T	1|0	1|0	MATCH	MATCH
chr6:31410524:G:A	0|1	0|1	MATCH	MATCH
chr6:31410974:A:G	0|1	0|1	MATCH	MATCH
chr6:31410991:A:G	0|1	0|1	MATCH	MATCH
chr6:31411179:C:G	0|1	0|1	MATCH	MATCH
chr6:31411338:G:A	0|1	0|1	MATCH	MATCH
chr6:31411357:C:G	0|1	0|1	MATCH	MATCH
chr6:31411364:C:G	0|1	0|1	MATCH	MATCH
chr6:31411421:C:A	0|1	0|1	MATCH	MATCH
chr6:31411527:A:T	0|1	0|1	MATCH	MATCH
chr6:31412040:T:C	0|1	0|1	MATCH	MATCH
chr6:31412154:G:A	0|1	0|1	MATCH	MATCH
chr6:31412563:C:T	0|1	0|1	MATCH	MATCH
chr6:31412645:A:G	0|1	0|1	MATCH	MATCH
chr6:31412752:A:G	0|1	0|1	MATCH	MATCH
chr6:31412806:A:G	0|1	0|1	MATCH	MATCH
chr6:31413030:T:A	0|1	0|1	MATCH	MATCH
chr6:31413075:T:G	0|1	0|1	MATCH	MATCH
chr6:31413574:A:G	0|1	0|1	MATCH	MATCH
chr6:31413630:A:G	0|1	0|1	MATCH	MATCH
chr6:31413715:G:A	0|1	0|1	MATCH	MATCH
chr6:31413742:G:A	0|1	0|1	MATCH	MATCH
chr6:31413911:G:A	0|1	0|1	MATCH	MATCH
chr6:31414940:A:T	1|0	1|0	MATCH	MATCH
chr6:31415134:A:G	0|1	0|1	MATCH	MATCH
chr6:31415909:C:G	0|1	0|1	MATCH	MATCH
chr6:31416071:G:A	0|1	0|1	MATCH	MATCH
chr6:31418223:G:C	0|1	0|1	MATCH	MATCH
chr6:31418242:T:G	0|1	0|1	MATCH	MATCH
chr6:31419229:G:A	1|0	1|0	MATCH	MATCH
chr6:31420135:T:G	0|1	0|1	MATCH	MATCH
chr6:31420398:GT:G	0|1	0|1	MATCH	MATCH
chr6:31420437:G:A	0|1	0|1	MATCH	MATCH
chr6:31420745:C:T	0|1	0|1	MATCH	MATCH
chr6:31422007:A:G	0|1	0|1	MATCH	MATCH
chr6:31422362:T:TA	0|1	0|1	MATCH	MATCH
chr6:31422633:T:C	0|1	0|1	MATCH	MATCH
chr6:31422844:T:C	0|1	0|1	MATCH	MATCH
chr6:31423097:C:T	0|1	0|1	MATCH	MATCH
chr6:31423980:GA:G	1|0	1|0	MATCH	MATCH
chr6:31425013:C:G	0|1	0|1	MATCH	MATCH
chr6:31425797:A:G	0|1	0|1	MATCH	MATCH
chr6:31426923:A:G	0|1	0|1	MATCH	MATCH
chr6:31433238:T:TCTTAGC	0|1	0|1	MATCH	MATCH
chr6:31434351:G:A	0|1	0|1	MATCH	MATCH
chr6:31434889:TAC:T	1|0	1|0	MATCH	MATCH
chr6:31436855:T:G	0|1	0|1	MATCH	MATCH
chr6:31437843:A:G	1|0	1|0	MATCH	MATCH
chr6:31439554:G:C	1|0	1|0	MATCH	MATCH
chr6:31439981:G:T	0|1	0|1	MATCH	MATCH
chr6:31440488:C:A	0|1	0|1	MATCH	MATCH
chr6:31440552:T:A	1|0	1|0	MATCH	MATCH
chr6:31441789:C:G	1|0	1|0	MATCH	MATCH
chr6:31441828:G:A	1|0	1|0	MATCH	MATCH
chr6:31442344:G:T	0|1	0|1	MATCH	MATCH
chr6:31442631:G:T	0|1	0|1	MATCH	MATCH
chr6:31445949:T:G	0|1	0|1	MATCH	MATCH
chr6:31446021:T:C	0|1	0|1	MATCH	MATCH
chr6:31446032:G:A	1|0	1|0	MATCH	MATCH
chr6:31446485:A:T	1|0	1|0	MATCH	MATCH
chr6:31447236:A:G	0|1	0|1	MATCH	MATCH
chr6:31447373:A:G	1|0	1|0	MATCH	MATCH
chr6:31447578:C:G	1|0	1|0	MATCH	MATCH
chr6:31447584:C:A	1|0	1|0	MATCH	MATCH
chr6:31447595:T:C	1|0	1|0	MATCH	MATCH
chr6:31447681:A:G	1|0	1|0	MATCH	MATCH
chr6:31447684:A:G	1|0	1|0	MATCH	MATCH
chr6:31448099:TG:T	1|0	1|0	MATCH	MATCH
chr6:31448583:G:C	1|0	1|0	MATCH	MATCH
chr6:31448602:A:G	1|0	1|0	MATCH	MATCH
chr6:31448759:A:G	0|1	0|1	MATCH	MATCH
chr6:31448885:CA:C	1|0	1|0	MATCH	MATCH
chr6:31448922:A:C	0|1	0|1	MATCH	MATCH
chr6:31449414:A:G	1|0	1|0	MATCH	MATCH
chr6:31449660:T:C	0|1	0|1	MATCH	MATCH
chr6:31449686:G:A	1|0	1|0	MATCH	MATCH
chr6:31449733:A:G	0|1	0|1	MATCH	MATCH
chr6:31449868:G:T	0|1	0|1	MATCH	MATCH
chr6:31449870:C:T	0|1	0|1	MATCH	MATCH
chr6:31450245:A:G	0|1	0|1	MATCH	MATCH
chr6:31450293:A:C	1|0	1|0	MATCH	MATCH
chr6:31450578:G:T	1|0	1|0	MATCH	MATCH
chr6:31450875:T:A	0|1	0|1	MATCH	MATCH
chr6:31451033:T:A	1|0	1|0	MATCH	MATCH
chr6:31451288:A:T	1|0	1|0	MATCH	MATCH
chr6:31451424:G:A	1|0	1|0	MATCH	MATCH
chr6:31452128:C:T	1|0	1|0	MATCH	MATCH
chr6:31452461:G:C,T	1|2	1|2	MATCH	MATCH
chr6:31452508:T:C	0|1	0|1	MATCH	MATCH
chr6:31452723:T:G	1|0	1|0	MATCH	MATCH
chr6:31452872:CACATA:C	1|0	1|0	MATCH	MATCH
chr6:31452879:C:G	0|1	0|1	MATCH	MATCH
chr6:31452910:G:A	0|1	0|1	MATCH	MATCH
chr6:31452936:C:T	0|1	0|1	MATCH	MATCH
chr6:31453015:T:C	1|0	1|0	MATCH	MATCH
chr6:31453079:C:T	0|1	0|1	MATCH	MATCH
chr6:31453086:T:A	0|1	0|1	MATCH	MATCH
chr6:31453134:A:T	0|1	0|1	MATCH	MATCH
chr6:31453393:T:A	0|1	0|1	MATCH	MATCH
chr6:31453430:T:C	0|1	0|1	MATCH	MATCH
chr6:31453581:C:T	0|1	0|1	MATCH	MATCH
chr6:31453616:A:C	1|0	1|0	MATCH	MATCH
chr6:31456980:C:T	0|1	0|1	MATCH	MATCH
chr6:31457001:G:A	1|0	1|0	MATCH	MATCH
chr6:31457404:G:A	1|0	1|0	MATCH	MATCH
chr6:31457722:A:G	1|0	1|0	MATCH	MATCH
chr6:31458208:C:T	0|1	0|1	MATCH	MATCH
chr6:31458479:G:C	0|1	0|1	MATCH	MATCH
chr6:31459025:C:G	0|1	0|1	MATCH	MATCH
chr6:31459104:C:T	0|1	0|1	MATCH	MATCH
chr6:31459190:T:C	1|0	1|0	MATCH	MATCH
chr6:31459318:A:G	0|1	0|1	MATCH	MATCH
chr6:31459362:A:T	0|1	0|1	MATCH	MATCH
chr6:31459618:G:C	1|0	1|0	MATCH	MATCH
chr6:31459813:C:T	0|1	0|1	MATCH	MATCH
chr6:31459817:C:T	0|1	0|1	MATCH	MATCH
chr6:31460969:C:CATAG	1|0	1|0	MATCH	MATCH
chr6:31461143:T:C	1|0	1|0	MATCH	MATCH
chr6:31462150:T:C	1|0	1|0	MATCH	MATCH
chr6:31462233:G:A	1|0	1|0	MATCH	MATCH
chr6:31462288:C:T	1|0	1|0	MATCH	MATCH
chr6:31462366:G:C	0|1	0|1	MATCH	MATCH
chr6:31462917:G:C	1|0	1|0	MATCH	MATCH
chr6:31462944:A:G	1|0	1|0	MATCH	MATCH
chr6:31464036:A:G	1|0	1|0	MATCH	MATCH
chr6:31464043:C:T	0|1	0|1	MATCH	MATCH
chr6:31465781:G:A	1|0	1|0	MATCH	MATCH
chr6:31465916:T:C	1|0	1|0	MATCH	MATCH
chr6:31466054:A:G	1|0	1|0	MATCH	MATCH
chr6:31466334:A:G	1|0	1|0	MATCH	MATCH
chr6:31466421:T:C	1|0	1|0	MATCH	MATCH
chr6:31466554:A:T	1|0	1|0	MATCH	MATCH
chr6:31466589:G:A	1|0	1|0	MATCH	MATCH
chr6:31466743:G:C	1|0	1|0	MATCH	MATCH
chr6:31467549:G:T	1|0	1|0	MATCH	MATCH
chr6:31468270:T:C	0|1	0|1	MATCH	MATCH
chr6:31468496:C:T	0|1	0|1	MATCH	MATCH
chr6:31468525:GC:G	0|1	0|1	MATCH	MATCH
chr6:31468535:A:G	0|1	0|1	MATCH	MATCH
chr6:31468699:T:G	0|1	0|1	MATCH	MATCH
chr6:31468722:G:C	0|1	0|1	MATCH	MATCH
chr6:31468804:T:C	0|1	0|1	MATCH	MATCH
chr6:31468832:G:C	0|1	0|1	MATCH	MATCH
chr6:31468862:G:C	0|1	0|1	MATCH	MATCH
chr6:31469125:C:T	0|1	0|1	MATCH	MATCH
chr6:31469218:T:C	0|1	0|1	MATCH	MATCH
chr6:31469381:T:G	0|1	0|1	MATCH	MATCH
chr6:31469418:A:G	0|1	0|1	MATCH	MATCH
chr6:31469443:G:C	0|1	0|1	MATCH	MATCH
chr6:31469541:C:T	0|1	0|1	MATCH	MATCH
chr6:31470095:C:T	0|1	0|1	MATCH	MATCH
chr6:31470466:G:A	0|1	0|1	MATCH	MATCH
chr6:31470591:G:A	0|1	0|1	MATCH	MATCH
chr6:31470613:A:G	0|1	0|1	MATCH	MATCH
chr6:31470654:G:C	0|1	0|1	MATCH	MATCH
chr6:31470655:G:A	0|1	0|1	MATCH	MATCH
chr6:31470817:C:T	0|1	0|1	MATCH	MATCH
chr6:31471286:C:T	0|1	0|1	MATCH	MATCH
chr6:31471963:G:T	0|1	0|1	MATCH	MATCH
chr6:31472069:G:A	0|1	0|1	MATCH	MATCH
chr6:31472077:G:GGGT	0|1	0|1	MATCH	MATCH
chr6:31472136:G:A	0|1	0|1	MATCH	MATCH
chr6:31472181:G:A	0|1	0|1	MATCH	MATCH
chr6:31472210:C:T	0|1	0|1	MATCH	MATCH
chr6:31472305:C:T	0|1	0|1	MATCH	MATCH
chr6:31472418:G:A	0|1	0|1	MATCH	MATCH
chr6:31472532:T:G	0|1	0|1	MATCH	MATCH
chr6:31472601:T:A	0|1	0|1	MATCH	MATCH
chr6:31472638:G:A	0|1	0|1	MATCH	MATCH
chr6:31472720:G:A	0|1	0|1	MATCH	MATCH
chr6:31472775:T:G	0|1	0|1	MATCH	MATCH
chr6:31472822:G:T	0|1	0|1	MATCH	MATCH
chr6:31472874:T:C	0|1	0|1	MATCH	MATCH
chr6:31473178:A:G	0|1	0|1	MATCH	MATCH
chr6:31473190:T:C	0|1	0|1	MATCH	MATCH
chr6:31473191:A:AT	0|1	0|1	MATCH	MATCH
chr6:31473203:C:T	0|1	0|1	MATCH	MATCH
chr6:31473285:A:C	0|1	0|1	MATCH	MATCH
chr6:31473567:G:A	0|1	0|1	MATCH	MATCH
chr6:31473572:G:A	0|1	0|1	MATCH	MATCH
chr6:31474124:G:A	0|1	0|1	MATCH	MATCH
chr6:31474864:GC:G	0|1	0|1	MATCH	MATCH
chr6:31474887:G:A	0|1	0|1	MATCH	MATCH
chr6:31474918:C:G	0|1	0|1	MATCH	MATCH
chr6:31474954:T:A	0|1	0|1	MATCH	MATCH
chr6:31475546:C:T	0|1	0|1	MATCH	MATCH
chr6:31475659:A:G	0|1	0|1	MATCH	MATCH
chr6:31475774:G:GACTT	0|1	0|1	MATCH	MATCH
chr6:31475793:T:C	0|1	0|1	MATCH	MATCH
chr6:31476827:A:G	0|1	0|1	MATCH	MATCH
chr6:31477127:G:C	0|1	0|1	MATCH	MATCH
chr6:31477157:C:A	0|1	0|1	MATCH	MATCH
chr6:31477190:A:C	0|1	0|1	MATCH	MATCH
chr6:31477439:G:A	0|1	0|1	MATCH	MATCH
chr6:31477568:T:C	0|1	0|1	MATCH	MATCH
chr6:31477721:G:A	0|1	0|1	MATCH	MATCH
chr6:31477737:A:G	0|1	0|1	MATCH	MATCH
chr6:31478132:A:G	0|1	0|1	MATCH	MATCH
chr6:31478230:T:C	0|1	0|1	MATCH	MATCH
chr6:31478232:A:C	0|1	0|1	MATCH	MATCH
chr6:31478241:A:G	0|1	0|1	MATCH	MATCH
chr6:31478311:G:C	0|1	0|1	MATCH	MATCH
chr6:31478312:C:G	0|1	0|1	MATCH	MATCH
chr6:31478352:T:C	0|1	0|1	MATCH	MATCH
chr6:31478423:A:G	0|1	0|1	MATCH	MATCH
chr6:31478445:GAGA:G	0|1	0|1	MATCH	MATCH
chr6:31478769:T:C	0|1	0|1	MATCH	MATCH
chr6:31478933:A:G	0|1	0|1	MATCH	MATCH
chr6:31479043:G:T	0|1	0|1	MATCH	MATCH
chr6:31479438:C:A	1|0	1|0	MATCH	MATCH
chr6:31480071:C:T	0|1	0|1	MATCH	MATCH
chr6:31480377:A:G	0|1	0|1	MATCH	MATCH
chr6:31480538:A:G	0|1	0|1	MATCH	MATCH
chr6:31480655:G:T	0|1	0|1	MATCH	MATCH
chr6:31480756:C:T	0|1	0|1	MATCH	MATCH
chr6:31481245:T:C	0|1	0|1	MATCH	MATCH
chr6:31481269:A:G	0|1	0|1	MATCH	MATCH
chr6:31481304:G:C	0|1	0|1	MATCH	MATCH
chr6:31481550:A:G	0|1	0|1	MATCH	MATCH
chr6:31481675:GA:G	0|1	0|1	MATCH	MATCH
chr6:31481706:G:A	0|1	0|1	MATCH	MATCH
chr6:31482001:A:G	0|1	0|1	MATCH	MATCH
chr6:31482137:T:C	0|1	0|1	MATCH	MATCH
chr6:31482193:T:C	0|1	0|1	MATCH	MATCH
chr6:31482563:T:C	0|1	0|1	MATCH	MATCH
chr6:31482925:G:A	0|1	0|1	MATCH	MATCH
chr6:31482939:A:G	0|1	0|1	MATCH	MATCH
chr6:31482961:G:C	0|1	0|1	MATCH	MATCH
chr6:31483047:G:A	0|1	0|1	MATCH	MATCH
chr6:31483132:G:A	0|1	0|1	MATCH	MATCH
chr6:31483436:T:C	0|1	0|1	MATCH	MATCH
chr6:31483502:C:T	0|1	0|1	MATCH	MATCH
chr6:31483699:A:G	0|1	0|1	MATCH	MATCH
chr6:31483755:A:G	0|1	0|1	MATCH	MATCH
chr6:31483790:T:C	0|1	0|1	MATCH	MATCH
chr6:31484146:T:A	0|1	0|1	MATCH	MATCH
chr6:31484184:C:T	0|1	0|1	MATCH	MATCH
chr6:31484263:G:C	0|1	0|1	MATCH	MATCH
chr6:31484275:A:G	0|1	0|1	MATCH	MATCH
chr6:31484313:G:A	0|1	0|1	MATCH	MATCH
chr6:31484387:C:G	0|1	0|1	MATCH	MATCH
chr6:31484436:T:C	0|1	0|1	MATCH	MATCH
chr6:31484490:C:G	0|1	0|1	MATCH	MATCH
chr6:31484655:C:T	0|1	0|1	MATCH	MATCH
chr6:31484666:C:G	0|1	0|1	MATCH	MATCH
chr6:31484698:C:A	0|1	0|1	MATCH	MATCH
chr6:31484896:C:T	0|1	0|1	MATCH	MATCH
chr6:31484938:A:C	0|1	0|1	MATCH	MATCH
chr6:31485073:G:A	0|1	0|1	MATCH	MATCH
chr6:31485182:T:C	0|1	0|1	MATCH	MATCH
chr6:31485252:G:C	0|1	0|1	MATCH	MATCH
chr6:31485293:A:T	0|1	0|1	MATCH	MATCH
chr6:31485366:G:A	0|1	0|1	MATCH	MATCH
chr6:31485770:A:G	0|1	0|1	MATCH	MATCH
chr6:31485800:T:C	0|1	0|1	MATCH	MATCH
chr6:31485863:C:T	0|1	0|1	MATCH	MATCH
chr6:31485986:T:C	0|1	0|1	MATCH	MATCH
chr6:31487107:AT:A	0|1	1|0	DIFF	DIFF
chr6:31487382:A:G	0|1	0|1	MATCH	MATCH
chr6:31487517:C:G	0|1	0|1	MATCH	MATCH
chr6:31487788:G:A	0|1	0|1	MATCH	MATCH
chr6:31487826:C:T	0|1	0|1	MATCH	MATCH
chr6:31488066:C:A	0|1	0|1	MATCH	MATCH
chr6:31488158:A:C	0|1	0|1	MATCH	MATCH
chr6:31488595:C:T	0|1	0|1	MATCH	MATCH
chr6:31488810:C:A	0|1	0|1	MATCH	MATCH
chr6:31489160:G:A	0|1	0|1	MATCH	MATCH
chr6:31489256:A:T	0|1	0|1	MATCH	MATCH
chr6:31489401:C:T	0|1	0|1	MATCH	MATCH
chr6:31489557:G:A	0|1	0|1	MATCH	MATCH
chr6:31489566:T:C	1|0	1|0	MATCH	MATCH
chr6:31489608:T:C	0|1	0|1	MATCH	MATCH
chr6:31489609:G:A	0|1	0|1	MATCH	MATCH
chr6:31489706:G:A	0|1	0|1	MATCH	MATCH
chr6:31489750:C:T	0|1	0|1	MATCH	MATCH
chr6:31489827:A:G	0|1	0|1	MATCH	MATCH
chr6:31489872:C:T	0|1	0|1	MATCH	MATCH
chr6:31489965:A:G	0|1	0|1	MATCH	MATCH
chr6:31490281:TGACCATCAG:T	0|1	0|1	MATCH	MATCH
chr6:31490380:C:T	0|1	0|1	MATCH	MATCH
chr6:31490731:G:C	0|1	0|1	MATCH	MATCH
chr6:31490777:C:T	0|1	0|1	MATCH	MATCH
chr6:31490855:C:T	0|1	0|1	MATCH	MATCH
chr6:31490857:T:C	0|1	0|1	MATCH	MATCH
chr6:31491216:A:G	0|1	0|1	MATCH	MATCH
chr6:31491477:G:C	0|1	0|1	MATCH	MATCH
chr6:31491494:C:CA	0|1	0|1	MATCH	MATCH
chr6:31491511:G:A	0|1	0|1	MATCH	MATCH
chr6:31491582:G:A	0|1	0|1	MATCH	MATCH
chr6:31491596:A:G	0|1	0|1	MATCH	MATCH
chr6:31491711:T:G	0|1	0|1	MATCH	MATCH
chr6:31491859:C:G	0|1	0|1	MATCH	MATCH
chr6:31491920:T:A	0|1	0|1	MATCH	MATCH
chr6:31491965:G:A	0|1	0|1	MATCH	MATCH
chr6:31491991:A:G	0|1	0|1	MATCH	MATCH
chr6:31492140:ATTC:A	0|1	0|1	MATCH	MATCH
chr6:31492195:C:T	0|1	0|1	MATCH	MATCH
chr6:31492443:G:T	0|1	0|1	MATCH	MATCH
chr6:31492507:G:C	0|1	0|1	MATCH	MATCH
chr6:31492523:A:G	0|1	0|1	MATCH	MATCH
chr6:31492674:T:G	0|1	0|1	MATCH	MATCH
chr6:31492741:C:T	0|1	0|1	MATCH	MATCH
chr6:31493132:G:GA	0|1	0|1	MATCH	MATCH
chr6:31493166:C:G	0|1	0|1	MATCH	MATCH
chr6:31493312:A:G	0|1	0|1	MATCH	MATCH
chr6:31493732:G:T	0|1	0|1	MATCH	MATCH
chr6:31493781:T:C	0|1	0|1	MATCH	MATCH
chr6:31493831:C:T	0|1	0|1	MATCH	MATCH
chr6:31493934:A:G	0|1	0|1	MATCH	MATCH
chr6:31493994:T:A	0|1	0|1	MATCH	MATCH
chr6:31494001:G:T	0|1	0|1	MATCH	MATCH
chr6:31494137:C:T	0|1	0|1	MATCH	MATCH
chr6:31494189:T:C	0|1	0|1	MATCH	MATCH
chr6:31494202:C:T	0|1	0|1	MATCH	MATCH
chr6:31494254:C:T	0|1	0|1	MATCH	MATCH
chr6:31494258:G:A	0|1	0|1	MATCH	MATCH
chr6:31494468:C:T	0|1	0|1	MATCH	MATCH
chr6:31494471:T:G	0|1	0|1	MATCH	MATCH
chr6:31494895:A:C	0|1	0|1	MATCH	MATCH
chr6:31495393:G:C	0|1	0|1	MATCH	MATCH
chr6:31495548:A:G	0|1	0|1	MATCH	MATCH
chr6:31495714:G:A	0|1	0|1	MATCH	MATCH
chr6:31495756:A:ACTCGC	0|1	0|1	MATCH	MATCH
chr6:31495800:T:C	0|1	0|1	MATCH	MATCH
chr6:31495844:A:G	0|1	0|1	MATCH	MATCH
chr6:31496013:T:C	0|1	0|1	MATCH	MATCH
chr6:31496252:C:T	0|1	0|1	MATCH	MATCH
chr6:31496588:G:C	0|1	0|1	MATCH	MATCH
chr6:31496794:C:T	0|1	0|1	MATCH	MATCH
chr6:31497021:C:T	0|1	0|1	MATCH	MATCH
chr6:31497215:A:G	0|1	0|1	MATCH	MATCH
chr6:31497326:T:C	0|1	0|1	MATCH	MATCH
chr6:31497713:G:C	0|1	0|1	MATCH	MATCH
chr6:31497781:G:C	0|1	0|1	MATCH	MATCH
chr6:31498054:CCT:C	0|1	0|1	MATCH	MATCH
chr6:31498138:G:C	0|1	0|1	MATCH	MATCH
chr6:31498534:C:A	0|1	0|1	MATCH	MATCH
chr6:31498551:G:T	0|1	0|1	MATCH	MATCH
chr6:31498770:T:C	0|1	0|1	MATCH	MATCH
chr6:31498821:T:TC	0|1	0|1	MATCH	MATCH
chr6:31499102:G:A	0|1	0|1	MATCH	MATCH
chr6:31499108:G:A	0|1	0|1	MATCH	MATCH
chr6:31499334:G:T	0|1	0|1	MATCH	MATCH
chr6:31499393:G:A	0|1	0|1	MATCH	MATCH
chr6:31499588:C:T	0|1	0|1	MATCH	MATCH
chr6:31500769:A:G	0|1	0|1	MATCH	MATCH
chr6:31501474:C:G	0|1	0|1	MATCH	MATCH
chr6:31501546:C:T	0|1	0|1	MATCH	MATCH
chr6:31501872:G:T	0|1	0|1	MATCH	MATCH
chr6:31501891:C:T	0|1	0|1	MATCH	MATCH
chr6:31501989:G:A	0|1	0|1	MATCH	MATCH
chr6:31501990:C:A	0|1	0|1	MATCH	MATCH
chr6:31502156:G:A	0|1	0|1	MATCH	MATCH
chr6:31502566:G:A	0|1	0|1	MATCH	MATCH
chr6:31502575:T:A	0|1	0|1	MATCH	MATCH
chr6:31502896:G:A	0|1	0|1	MATCH	MATCH
chr6:31503352:C:A	0|1	0|1	MATCH	MATCH
chr6:31503677:T:C	0|1	0|1	MATCH	MATCH
chr6:31504346:G:A	0|1	0|1	MATCH	MATCH
chr6:31504372:G:A	0|1	0|1	MATCH	MATCH
chr6:31504531:C:T	0|1	0|1	MATCH	MATCH
chr6:31504943:G:T	0|1	0|1	MATCH	MATCH
chr6:31505015:T:C	0|1	0|1	MATCH	MATCH
chr6:31505030:G:A	0|1	0|1	MATCH	MATCH
chr6:31505085:A:T	0|1	0|1	MATCH	MATCH
chr6:31505088:G:A	0|1	0|1	MATCH	MATCH
chr6:31505509:C:T	0|1	0|1	MATCH	MATCH
chr6:31505709:C:T	1|0	1|0	MATCH	MATCH
chr6:31505769:A:G	0|1	0|1	MATCH	MATCH
chr6:31505784:A:G	0|1	0|1	MATCH	MATCH
chr6:31506067:T:C	0|1	0|1	MATCH	MATCH
chr6:31506223:G:A	0|1	0|1	MATCH	MATCH
chr6:31506503:G:A	0|1	0|1	MATCH	MATCH
chr6:31506672:T:G	0|1	0|1	MATCH	MATCH
chr6:31506911:T:G	0|1	0|1	MATCH	MATCH
chr6:31507350:A:G	0|1	0|1	MATCH	MATCH
chr6:31507636:G:A	0|1	0|1	MATCH	MATCH
chr6:31507709:C:T	0|1	0|1	MATCH	MATCH
chr6:31507987:A:G	0|1	0|1	MATCH	MATCH
chr6:31508034:T:C	0|1	0|1	MATCH	MATCH
chr6:31508136:A:T	0|1	0|1	MATCH	MATCH
chr6:31508317:A:G	0|1	0|1	MATCH	MATCH
chr6:31508357:A:G	0|1	0|1	MATCH	MATCH
chr6:31508488:G:A	0|1	0|1	MATCH	MATCH
chr6:31508562:C:T	0|1	0|1	MATCH	MATCH
chr6:31508563:A:G	0|1	0|1	MATCH	MATCH
chr6:31508737:C:A	0|1	0|1	MATCH	MATCH
chr6:31509056:A:G	0|1	0|1	MATCH	MATCH
chr6:31509218:G:T	0|1	0|1	MATCH	MATCH
chr6:31509245:C:T	0|1	0|1	MATCH	MATCH
chr6:31509412:A:G	0|1	0|1	MATCH	MATCH
chr6:31509684:C:T	0|1	0|1	MATCH	MATCH
chr6:31509904:A:G	0|1	0|1	MATCH	MATCH
chr6:31509990:CAG:C	0|1	0|1	MATCH	MATCH
chr6:31511209:C:T	0|1	0|1	MATCH	MATCH
chr6:31511868:T:C	0|1	0|1	MATCH	MATCH
chr6:31512801:G:T	0|1	0|1	MATCH	MATCH
chr6:31512891:G:A	0|1	0|1	MATCH	MATCH
chr6:31512894:C:T	0|1	0|1	MATCH	MATCH
chr6:31513097:C:T	0|1	0|1	MATCH	MATCH
chr6:31513104:C:T	0|1	0|1	MATCH	MATCH
chr6:31513129:G:A	0|1	0|1	MATCH	MATCH
chr6:31513146:A:G	0|1	0|1	MATCH	MATCH
chr6:31513315:C:T	0|1	0|1	MATCH	MATCH
chr6:31513328:G:A	0|1	0|1	MATCH	MATCH
chr6:31513336:T:C	0|1	0|1	MATCH	MATCH
chr6:31513369:C:A	0|1	0|1	MATCH	MATCH
chr6:31513749:G:T	0|1	0|1	MATCH	MATCH
chr6:31513758:C:G	0|1	0|1	MATCH	MATCH
chr6:31514937:T:C	0|1	0|1	MATCH	MATCH
chr6:31514950:A:G	0|1	0|1	MATCH	MATCH
chr6:31515638:C:A	0|1	0|1	MATCH	MATCH
chr6:31515681:G:A	0|1	0|1	MATCH	MATCH
chr6:31515975:A:G	0|1	0|1	MATCH	MATCH
chr6:31516112:G:A	1|0	1|0	MATCH	MATCH
chr6:31516255:T:C	0|1	0|1	MATCH	MATCH
chr6:31516740:C:T	0|1	0|1	MATCH	MATCH
chr6:31516773:A:T	0|1	0|1	MATCH	MATCH
chr6:31516784:G:A	0|1	0|1	MATCH	MATCH
chr6:31516906:G:C	0|1	0|1	MATCH	MATCH
chr6:31517115:A:C	0|1	0|1	MATCH	MATCH
chr6:31517397:C:A	0|1	0|1	MATCH	MATCH
chr6:31517577:G:A	0|1	0|1	MATCH	MATCH
chr6:31518523:A:G	0|1	0|1	MATCH	MATCH
chr6:31518601:C:T	1|0	1|0	MATCH	MATCH
chr6:31518829:T:TTAAA	0|1	0|1	MATCH	MATCH
chr6:31519124:T:C	0|1	0|1	MATCH	MATCH
chr6:31519185:G:A	0|1	0|1	MATCH	MATCH
chr6:31519367:A:G	0|1	0|1	MATCH	MATCH
chr6:31519543:A:G	0|1	0|1	MATCH	MATCH
chr6:31519763:T:C	0|1	0|1	MATCH	MATCH
chr6:31519803:T:C	0|1	0|1	MATCH	MATCH
chr6:31520177:G:C	0|1	0|1	MATCH	MATCH
chr6:31520368:A:G	0|1	0|1	MATCH	MATCH
chr6:31520414:A:G	0|1	0|1	MATCH	MATCH
chr6:31520791:A:T	0|1	0|1	MATCH	MATCH
chr6:31520986:T:C	0|1	0|1	MATCH	MATCH
chr6:31521127:C:T	0|1	0|1	MATCH	MATCH
chr6:31522595:G:A	0|1	0|1	MATCH	MATCH
chr6:31522948:C:A	0|1	0|1	MATCH	MATCH
chr6:31523223:A:G	0|1	0|1	MATCH	MATCH
chr6:31523354:C:A	0|1	0|1	MATCH	MATCH
chr6:31523690:C:A	0|1	0|1	MATCH	MATCH
chr6:31524049:A:G	0|1	0|1	MATCH	MATCH
chr6:31524171:GA:G	0|1	0|1	MATCH	MATCH
chr6:31524227:T:C	0|1	0|1	MATCH	MATCH
chr6:31524248:C:A	0|1	0|1	MATCH	MATCH
chr6:31524380:C:G	0|1	0|1	MATCH	MATCH
chr6:31524518:C:T	0|1	0|1	MATCH	MATCH
chr6:31525184:A:G	0|1	0|1	MATCH	MATCH
chr6:31525556:C:T	0|1	0|1	MATCH	MATCH
chr6:31525644:T:A	0|1	0|1	MATCH	MATCH
chr6:31525808:T:A	0|1	0|1	MATCH	MATCH
chr6:31526111:T:A	0|1	0|1	MATCH	MATCH
chr6:31526564:AG:A	0|1	0|1	MATCH	MATCH
chr6:31526961:C:A	0|1	0|1	MATCH	MATCH
chr6:31527371:G:T	1|0	1|0	MATCH	MATCH
chr6:31527593:A:G	0|1	0|1	MATCH	MATCH
chr6:31527731:AAG:A	0|1	0|1	MATCH	MATCH
chr6:31527746:A:AAAAGGC	0|1	0|1	MATCH	MATCH
chr6:31527811:T:C	0|1	0|1	MATCH	MATCH
chr6:31527843:C:T	0|1	0|1	MATCH	MATCH
chr6:31527918:C:A	0|1	0|1	MATCH	MATCH
chr6:31529148:G:A	0|1	0|1	MATCH	MATCH
chr6:31529467:A:G	0|1	0|1	MATCH	MATCH
chr6:31529622:C:T	0|1	0|1	MATCH	MATCH
chr6:31529680:A:G	0|1	0|1	MATCH	MATCH
chr6:31529701:A:G	0|1	0|1	MATCH	MATCH
chr6:31529929:C:T	0|1	0|1	MATCH	MATCH
chr6:31529967:G:A	0|1	0|1	MATCH	MATCH
chr6:31530058:G:C	0|1	0|1	MATCH	MATCH
chr6:31530720:C:A	0|1	0|1	MATCH	MATCH
chr6:31531577:C:T	0|1	0|1	MATCH	MATCH
chr6:31532449:C:A	0|1	0|1	MATCH	MATCH
chr6:31533435:A:T	0|1	0|1	MATCH	MATCH
chr6:31533636:A:G	0|1	0|1	MATCH	MATCH
chr6:31534040:T:A	0|1	0|1	MATCH	MATCH
chr6:31534990:C:T	0|1	0|1	MATCH	MATCH
chr6:31535084:A:G	0|1	0|1	MATCH	MATCH
chr6:31536198:G:C	0|1	0|1	MATCH	MATCH
chr6:31536810:G:T	0|1	0|1	MATCH	MATCH
chr6:31538007:G:C	0|1	0|1	MATCH	MATCH
chr6:31538013:G:A	0|1	0|1	MATCH	MATCH
chr6:31538110:T:C	0|1	0|1	MATCH	MATCH
chr6:31538223:C:T	0|1	0|1	MATCH	MATCH
chr6:31538433:G:A	0|1	0|1	MATCH	MATCH
chr6:31538847:T:C	0|1	0|1	MATCH	MATCH
chr6:31538871:G:T	0|1	0|1	MATCH	MATCH
chr6:31538914:G:A	0|1	0|1	MATCH	MATCH
chr6:31538967:A:C	0|1	0|1	MATCH	MATCH
chr6:31539077:C:T	0|1	0|1	MATCH	MATCH
chr6:31539656:C:T	0|1	0|1	MATCH	MATCH
chr6:31539985:CCT:C	0|1	0|1	MATCH	MATCH
chr6:31540106:G:A	0|1	0|1	MATCH	MATCH
chr6:31540984:C:T	0|1	0|1	MATCH	MATCH
chr6:31541507:G:C	0|1	0|1	MATCH	MATCH
chr6:31541578:G:A	0|1	0|1	MATCH	MATCH
chr6:31541595:G:A	0|1	0|1	MATCH	MATCH
chr6:31541655:G:A	0|1	0|1	MATCH	MATCH
chr6:31542002:C:G	0|1	0|1	MATCH	MATCH
chr6:31543081:T:C	0|1	0|1	MATCH	MATCH
chr6:31543156:A:C	0|1	0|1	MATCH	MATCH
chr6:31544943:G:C	0|1	0|1	MATCH	MATCH
chr6:31546087:A:T	0|1	0|1	MATCH	MATCH
chr6:31546376:GCTGT:G	0|1	0|1	MATCH	MATCH
chr6:31547195:CT:C	0|1	0|1	MATCH	MATCH
chr6:31547563:T:A	0|1	0|1	MATCH	MATCH
chr6:31548022:G:A	0|1	0|1	MATCH	MATCH
chr6:31550577:G:A	0|1	0|1	MATCH	MATCH
chr6:31551876:C:A	0|1	0|1	MATCH	MATCH
chr6:31554126:G:T	0|1	0|1	MATCH	MATCH
chr6:31554136:A:G	0|1	0|1	MATCH	MATCH
chr6:31554892:G:A	0|1	0|1	MATCH	MATCH
chr6:31557328:T:G	1|0	1|0	MATCH	MATCH
chr6:31557407:C:T	0|1	0|1	MATCH	MATCH
chr6:31560549:G:C	0|1	0|1	MATCH	MATCH
chr6:31561557:C:G	0|1	0|1	MATCH	MATCH
chr6:31561558:T:G	0|1	0|1	MATCH	MATCH
chr6:31562106:C:T	0|1	0|1	MATCH	MATCH
chr6:31562115:G:T	1|0	1|0	MATCH	MATCH
chr6:31563438:T:G	0|1	0|1	MATCH	MATCH
chr6:31563826:T:G	0|1	0|1	MATCH	MATCH
chr6:31564416:G:A	0|1	0|1	MATCH	MATCH
chr6:31564477:G:A	0|1	0|1	MATCH	MATCH
chr6:31564713:C:G	0|1	0|1	MATCH	MATCH
chr6:31564776:C:T	0|1	0|1	MATCH	MATCH
chr6:31564787:G:A	0|1	0|1	MATCH	MATCH
chr6:31565601:G:A	0|1	0|1	MATCH	MATCH
chr6:31566093:A:G	0|1	0|1	MATCH	MATCH
chr6:31566233:CTT:C	0|1	0|1	MATCH	MATCH
chr6:31566429:A:G	0|1	0|1	MATCH	MATCH
chr6:31567297:A:T	0|1	0|1	MATCH	MATCH
chr6:31568447:A:G	0|1	0|1	MATCH	MATCH
chr6:31570720:T:A	0|1	0|1	MATCH	MATCH
chr6:31571991:A:G	0|1	0|1	MATCH	MATCH
chr6:31572294:G:A	0|1	0|1	MATCH	MATCH
chr6:31572364:A:C	0|1	0|1	MATCH	MATCH
chr6:31572536:A:G	0|1	0|1	MATCH	MATCH
chr6:31572652:C:G	0|1	0|1	MATCH	MATCH
chr6:31573007:C:A	0|1	0|1	MATCH	MATCH
chr6:31587353:A:G	0|1	0|1	MATCH	MATCH
chr6:31587615:C:A	0|1	0|1	MATCH	MATCH
chr6:31590253:GT:G	0|1	0|1	MATCH	MATCH
chr6:31591384:GCCTACCCCCCGAGTTTTTGA:G	0|1	0|1	MATCH	MATCH
chr6:31593133:C:G	0|1	0|1	MATCH	MATCH
chr6:31593434:T:C	0|1	0|1	MATCH	MATCH
chr6:31594987:C:T	0|1	0|1	MATCH	MATCH
chr6:31595652:T:C	0|1	0|1	MATCH	MATCH
chr6:31600692:G:A	0|1	0|1	MATCH	MATCH
chr6:31602089:G:A	0|1	0|1	MATCH	MATCH
chr6:31603553:C:A	0|1	0|1	MATCH	MATCH
chr6:31604117:G:A	1|0	1|0	MATCH	MATCH
chr6:31604556:G:A	1|0	1|0	MATCH	MATCH
chr6:31605198:T:C	0|1	0|1	MATCH	MATCH
chr6:31605800:T:C	1|0	1|0	MATCH	MATCH
chr6:31607088:A:C	0|1	0|1	MATCH	MATCH
chr6:31608937:G:A	1|0	1|0	MATCH	MATCH
chr6:31611544:G:A	1|0	1|0	MATCH	MATCH
chr6:31611743:T:C	0|1	0|1	MATCH	MATCH
chr6:31612762:G:A	1|0	1|0	MATCH	MATCH
chr6:31614795:T:C	0|1	0|1	MATCH	MATCH
chr6:31615389:G:A	1|0	1|0	MATCH	MATCH
chr6:31615922:C:T	0|1	0|1	MATCH	MATCH
chr6:31616154:C:T	1|0	1|0	MATCH	MATCH
chr6:31617223:T:A	1|0	1|0	MATCH	MATCH
chr6:31617847:C:T	1|0	1|0	MATCH	MATCH
chr6:31620161:A:G	1|0	1|0	MATCH	MATCH
chr6:31623441:G:A	1|0	1|0	MATCH	MATCH
chr6:31624585:T:G	1|0	1|0	MATCH	MATCH
chr6:31624938:C:T	0|1	0|1	MATCH	MATCH
chr6:31628105:C:A	1|0	1|0	MATCH	MATCH
chr6:31629976:G:A	1|0	1|0	MATCH	MATCH
chr6:31633235:T:C	1|0	1|0	MATCH	MATCH
chr6:31633245:T:C	1|0	1|0	MATCH	MATCH
chr6:31633567:T:C	1|0	1|0	MATCH	MATCH
chr6:31633736:A:G	1|0	1|0	MATCH	MATCH
chr6:31633743:T:C	1|0	1|0	MATCH	MATCH
chr6:31634712:T:C	1|0	1|0	MATCH	MATCH
chr6:31635190:G:A	1|0	1|0	MATCH	MATCH
chr6:31635814:A:G	1|0	1|0	MATCH	MATCH
chr6:31637422:G:C	0|1	0|1	MATCH	MATCH
chr6:31637671:C:G	0|1	0|1	MATCH	MATCH
chr6:31637790:G:C	1|0	1|0	MATCH	MATCH
chr6:31637991:A:C	0|1	0|1	MATCH	MATCH
chr6:31638615:G:A	0|1	0|1	MATCH	MATCH
chr6:31638979:A:T	0|1	0|1	MATCH	MATCH
chr6:31642412:TAAAG:T	0|1	0|1	MATCH	MATCH
chr6:31642607:C:T	0|1	0|1	MATCH	MATCH
chr6:31642752:A:G	0|1	0|1	MATCH	MATCH
chr6:31642909:A:G	0|1	0|1	MATCH	MATCH
chr6:31643146:T:C	1|0	1|0	MATCH	MATCH
chr6:31643479:T:C	1|0	1|0	MATCH	MATCH
chr6:31644063:C:A	1|0	1|0	MATCH	MATCH
chr6:31646509:G:A	1|0	1|0	MATCH	MATCH
chr6:31648589:G:A	1|0	1|0	MATCH	MATCH
chr6:31650344:A:C	1|0	1|0	MATCH	MATCH
chr6:31659672:C:G	1|0	1|0	MATCH	MATCH
chr6:31659746:C:T	1|0	1|0	MATCH	MATCH
chr6:31661245:T:TTTGAC	1|0	1|0	MATCH	MATCH
chr6:31661319:T:C	1|0	1|0	MATCH	MATCH
chr6:31662176:A:G	1|0	1|0	MATCH	MATCH
chr6:31662464:C:T	1|0	1|0	MATCH	MATCH
chr6:31662888:G:A	1|0	1|0	MATCH	MATCH
chr6:31664909:C:T	1|0	1|0	MATCH	MATCH
chr6:31665388:C:A	1|0	1|0	MATCH	MATCH
chr6:31665912:C:T	1|0	1|0	MATCH	MATCH
chr6:31666416:A:G	1|0	1|0	MATCH	MATCH
chr6:31667933:T:C	1|0	1|0	MATCH	MATCH
chr6:31670030:C:T	1|0	1|0	MATCH	MATCH
chr6:31672741:T:G	1|0	1|0	MATCH	MATCH
chr6:31675474:A:T	1|0	1|0	MATCH	MATCH
chr6:31675622:T:C	1|0	1|0	MATCH	MATCH
chr6:31678621:C:A	1|0	1|0	MATCH	MATCH
chr6:31680626:C:T	1|0	1|0	MATCH	MATCH
chr6:31682815:AG:A	1|0	1|0	MATCH	MATCH
chr6:31685343:G:A	1|0	1|0	MATCH	MATCH
chr6:31685802:T:TAAAAC	1|0	1|0	MATCH	MATCH
chr6:31686955:T:A	1|0	1|0	MATCH	MATCH
chr6:31689636:T:C	1|0	1|0	MATCH	MATCH
chr6:31689977:C:G	1|0	1|0	MATCH	MATCH
chr6:31690606:G:A	1|0	1|0	MATCH	MATCH
chr6:31690857:A:G	0|1	0|1	MATCH	MATCH
chr6:31693712:T:C	1|0	1|0	MATCH	MATCH
chr6:31694452:A:G	1|0	1|0	MATCH	MATCH
chr6:31695180:C:T	1|0	1|0	MATCH	MATCH
chr6:31696008:A:T	1|0	1|0	MATCH	MATCH
chr6:31696442:A:G	1|0	1|0	MATCH	MATCH
chr6:31697417:T:C	1|0	1|0	MATCH	MATCH
chr6:31700272:C:T	1|0	1|0	MATCH	MATCH
chr6:31703721:T:C	0|1	0|1	MATCH	MATCH
chr6:31704465:A:G	0|1	0|1	MATCH	MATCH
chr6:31704683:G:A	0|1	0|1	MATCH	MATCH
chr6:31707988:G:A	1|0	1|0	MATCH	MATCH
chr6:31710251:C:T	1|0	1|0	MATCH	MATCH
chr6:31710953:A:G	1|0	1|0	MATCH	MATCH
chr6:31710997:G:A	0|1	0|1	MATCH	MATCH
chr6:31711530:A:G	1|0	1|0	MATCH	MATCH
chr6:31711688:G:C	1|0	1|0	MATCH	MATCH
chr6:31713383:G:A	1|0	1|0	MATCH	MATCH
chr6:31717589:A:G	1|0	1|0	MATCH	MATCH
chr6:31718720:G:A	1|0	1|0	MATCH	MATCH
chr6:31719231:G:A	1|0	1|0	MATCH	MATCH
chr6:31720440:A:G	1|0	1|0	MATCH	MATCH
chr6:31720741:T:A	0|1	0|1	MATCH	MATCH
chr6:31722232:G:A	1|0	1|0	MATCH	MATCH
chr6:31722707:TAGTC:T	1|0	1|0	MATCH	MATCH
chr6:31723099:C:G	1|0	1|0	MATCH	MATCH
chr6:31724386:A:G	1|0	1|0	MATCH	MATCH
chr6:31724609:C:G	0|1	0|1	MATCH	MATCH
chr6:31727813:T:C	0|1	0|1	MATCH	MATCH
chr6:31729610:C:G	1|0	1|0	MATCH	MATCH
chr6:31729781:G:A	1|0	1|0	MATCH	MATCH
chr6:31730311:T:G	1|0	1|0	MATCH	MATCH
chr6:31737027:T:A	0|1	0|1	MATCH	MATCH
chr6:31740052:T:C	1|0	1|0	MATCH	MATCH
chr6:31740370:T:C	1|0	1|0	MATCH	MATCH
chr6:31741572:C:T	1|0	1|0	MATCH	MATCH
chr6:31742243:C:T	1|0	1|0	MATCH	MATCH
chr6:31743347:C:T	1|0	1|0	MATCH	MATCH
chr6:31744404:T:G	1|0	1|0	MATCH	MATCH
chr6:31745347:A:G	1|0	1|0	MATCH	MATCH
chr6:31755003:C:T	1|0	1|0	MATCH	MATCH
chr6:31756442:G:C	1|0	1|0	MATCH	MATCH
chr6:31757404:A:G	1|0	1|0	MATCH	MATCH
chr6:31758279:C:T	1|0	1|0	MATCH	MATCH
chr6:31759073:G:T	0|1	0|1	MATCH	MATCH
chr6:31760490:G:A	1|0	1|0	MATCH	MATCH
chr6:31761582:A:G	1|0	1|0	MATCH	MATCH
chr6:31763237:C:G	0|1	0|1	MATCH	MATCH
chr6:31764104:C:T	1|0	1|0	MATCH	MATCH
chr6:31764770:G:GA	1|0	1|0	MATCH	MATCH
chr6:31772677:G:A	1|0	1|0	MATCH	MATCH
chr6:31773713:G:C	1|0	1|0	MATCH	MATCH
chr6:31773882:C:T	0|1	0|1	MATCH	MATCH
chr6:31774290:A:G	1|0	1|0	MATCH	MATCH
chr6:31774465:T:C	0|1	0|1	MATCH	MATCH
chr6:31774813:A:G	1|0	1|0	MATCH	MATCH
chr6:31777507:C:T	1|0	1|0	MATCH	MATCH
chr6:31781043:G:A	1|0	1|0	MATCH	MATCH
chr6:31782027:C:T	1|0	1|0	MATCH	MATCH
chr6:31783811:G:A	0|1	0|1	MATCH	MATCH
chr6:31783950:C:T	1|0	1|0	MATCH	MATCH
chr6:31786231:G:A	1|0	1|0	MATCH	MATCH
chr6:31789413:T:A	0|1	0|1	MATCH	MATCH
chr6:31790463:G:A	0|1	0|1	MATCH	MATCH
chr6:31793306:A:T	0|1	0|1	MATCH	MATCH
chr6:31795066:G:C	0|1	0|1	MATCH	MATCH
chr6:31795067:G:T	0|1	0|1	MATCH	MATCH
chr6:31796084:C:T	1|0	1|0	MATCH	MATCH
chr6:31797122:T:C	1|0	1|0	MATCH	MATCH
chr6:31800278:G:T	0|1	0|1	MATCH	MATCH
chr6:31800528:G:A	0|1	0|1	MATCH	MATCH
chr6:31801023:A:G	1|0	1|0	MATCH	MATCH
chr6:31801907:G:A	1|0	1|0	MATCH	MATCH
chr6:31804739:G:A	1|0	1|0	MATCH	MATCH
chr6:31813108:C:G	0|1	0|1	MATCH	MATCH
chr6:31815431:A:C	1|0	1|0	MATCH	MATCH
chr6:31815730:G:C	1|0	1|0	MATCH	MATCH
chr6:31818953:C:T	0|1	0|1	MATCH	MATCH
chr6:31824397:A:G	0|1	0|1	MATCH	MATCH
chr6:31825453:G:A	1|0	1|0	MATCH	MATCH
chr6:31826309:G:A	1|0	1|0	MATCH	MATCH
chr6:31826815:C:T	1|0	1|0	MATCH	MATCH
chr6:31829810:C:G	1|0	1|0	MATCH	MATCH
chr6:31829992:A:AAAGTT	1|0	1|0	MATCH	MATCH
chr6:31830816:G:C	1|0	1|0	MATCH	MATCH
chr6:31831717:G:T	0|1	0|1	MATCH	MATCH
chr6:31834688:C:G	1|0	1|0	MATCH	MATCH
chr6:31836869:C:T	1|0	1|0	MATCH	MATCH
chr6:31837250:G:A	0|1	0|1	MATCH	MATCH
chr6:31837823:T:C	0|1	0|1	MATCH	MATCH
chr6:31839371:A:G	0|1	0|1	MATCH	MATCH
chr6:31842308:G:T	1|0	1|0	MATCH	MATCH
chr6:31842328:A:G	0|1	0|1	MATCH	MATCH
chr6:31842489:C:T	0|1	0|1	MATCH	MATCH
chr6:31844073:T:C	1|0	1|0	MATCH	MATCH
chr6:31845103:C:T	1|0	1|0	MATCH	MATCH
chr6:31845428:C:T	1|0	1|0	MATCH	MATCH
chr6:31848720:T:C	1|0	1|0	MATCH	MATCH
chr6:31849951:C:T	1|0	1|0	MATCH	MATCH
chr6:31850502:A:G	0|1	0|1	MATCH	MATCH
chr6:31851599:G:A	1|0	1|0	MATCH	MATCH
chr6:31852382:C:T	1|0	1|0	MATCH	MATCH
chr6:31852839:G:A	0|1	0|1	MATCH	MATCH
chr6:31852866:A:G	1|0	1|0	MATCH	MATCH
chr6:31855700:C:T	1|0	1|0	MATCH	MATCH
chr6:31857970:T:G	1|0	1|0	MATCH	MATCH
chr6:31864167:T:C	1|0	1|0	MATCH	MATCH
chr6:31866621:G:A	1|0	1|0	MATCH	MATCH
chr6:31868374:G:A	1|0	1|0	MATCH	MATCH
chr6:31868425:A:C	1|0	1|0	MATCH	MATCH
chr6:31869500:C:A	0|1	0|1	MATCH	MATCH
chr6:31869714:A:G	0|1	0|1	MATCH	MATCH
chr6:31869962:T:G	0|1	0|1	MATCH	MATCH
chr6:31870186:G:A	0|1	0|1	MATCH	MATCH
chr6:31870664:T:C	0|1	0|1	MATCH	MATCH
chr6:31870713:C:T	0|1	0|1	MATCH	MATCH
chr6:31870768:G:A	0|1	0|1	MATCH	MATCH
chr6:31871532:C:T	0|1	0|1	MATCH	MATCH
chr6:31871554:C:T	0|1	0|1	MATCH	MATCH
chr6:31871717:C:T	0|1	0|1	MATCH	MATCH
chr6:31871979:G:C	0|1	0|1	MATCH	MATCH
chr6:31872005:C:A	0|1	0|1	MATCH	MATCH
chr6:31872848:A:G	1|0	1|0	MATCH	MATCH
chr6:31872989:A:G	1|0	1|0	MATCH	MATCH
chr6:31873233:C:T	1|0	1|0	MATCH	MATCH
chr6:31873864:G:A	1|0	1|0	MATCH	MATCH
chr6:31876907:A:G	0|1	0|1	MATCH	MATCH
chr6:31879636:G:A	1|0	1|0	MATCH	MATCH
chr6:31884840:G:T	0|1	0|1	MATCH	MATCH
chr6:31886048:T:C	1|0	1|0	MATCH	MATCH
chr6:31886081:C:T	0|1	0|1	MATCH	MATCH
chr6:31886766:C:T	0|1	0|1	MATCH	MATCH
chr6:31889653:A:G	1|0	1|0	MATCH	MATCH
chr6:31891349:ATG:A	1|0	1|0	MATCH	MATCH
chr6:31891801:G:A	1|0	1|0	MATCH	MATCH
chr6:31894167:A:G	1|0	1|0	MATCH	MATCH
chr6:31903096:C:A	0|1	0|1	MATCH	MATCH
chr6:31913446:G:C	0|1	0|1	MATCH	MATCH
chr6:31913954:G:A	1|0	1|0	MATCH	MATCH
chr6:31914101:C:T	0|1	0|1	MATCH	MATCH
chr6:31914247:A:G	1|0	1|0	MATCH	MATCH
chr6:31915519:G:A	1|0	1|0	MATCH	MATCH
chr6:31916180:A:G	1|0	1|0	MATCH	MATCH
chr6:31918153:C:T	1|0	1|0	MATCH	MATCH
chr6:31918665:C:T	0|1	0|1	MATCH	MATCH
chr6:31919281:G:A	0|1	0|1	MATCH	MATCH
chr6:31919299:C:G	0|1	0|1	MATCH	MATCH
chr6:31921092:T:G	0|1	0|1	MATCH	MATCH
chr6:31922381:T:G	0|1	0|1	MATCH	MATCH
chr6:31923710:C:G	0|1	0|1	MATCH	MATCH
chr6:31923731:C:T	1|0	1|0	MATCH	MATCH
chr6:31924815:G:A	0|1	0|1	MATCH	MATCH
chr6:31926167:G:A	1|0	1|0	MATCH	MATCH
chr6:31926578:C:T	0|1	0|1	MATCH	MATCH
chr6:31929766:G:A	0|1	0|1	MATCH	MATCH
chr6:31930134:T:A	1|0	1|0	MATCH	MATCH
chr6:31930508:A:G	0|1	0|1	MATCH	MATCH
chr6:31931520:T:C	0|1	0|1	MATCH	MATCH
chr6:31932455:A:C	0|1	0|1	MATCH	MATCH
chr6:31932476:T:C	0|1	0|1	MATCH	MATCH
chr6:31932614:C:T,*	1|2	1|2	MATCH	MATCH
chr6:31932691:G:A	0|1	0|1	MATCH	MATCH
chr6:31934868:A:G	0|1	0|1	MATCH	MATCH
chr6:31935344:G:A	0|1	0|1	MATCH	MATCH
chr6:31936529:G:A	0|1	0|1	MATCH	MATCH
chr6:31936952:TGTA:T	0|1	0|1	MATCH	MATCH
chr6:31937353:G:A	0|1	0|1	MATCH	MATCH
chr6:31937551:G:T	0|1	0|1	MATCH	MATCH
chr6:31938344:C:T	1|0	1|0	MATCH	MATCH
chr6:31938557:T:A	0|1	0|1	MATCH	MATCH
chr6:31938728:C:T	0|1	0|1	MATCH	MATCH
chr6:31939088:C:T	0|1	0|1	MATCH	MATCH
chr6:31939370:T:C	0|1	0|1	MATCH	MATCH
chr6:31939391:C:T	0|1	0|1	MATCH	MATCH
chr6:31940447:C:T	0|1	0|1	MATCH	MATCH
chr6:31940984:T:C	0|1	0|1	MATCH	MATCH
chr6:31942385:G:A	0|1	0|1	MATCH	MATCH
chr6:31942679:G:T	0|1	0|1	MATCH	MATCH
chr6:31943152:G:A	0|1	0|1	MATCH	MATCH
chr6:31943161:G:T	0|1	0|1	MATCH	MATCH
chr6:31946402:C:T	1|0	1|0	MATCH	MATCH
chr6:31946403:G:A	0|1	0|1	MATCH	MATCH
chr6:31948285:A:G	0|1	0|1	MATCH	MATCH
chr6:31949174:T:C	0|1	0|1	MATCH	MATCH
chr6:31949780:C:CAT	0|1	0|1	MATCH	MATCH
chr6:31951801:A:G	1|0	1|0	MATCH	MATCH
chr6:31952140:T:C	0|1	0|1	MATCH	MATCH
chr6:31952179:T:C	0|1	0|1	MATCH	MATCH
chr6:31952910:C:T	0|1	0|1	MATCH	MATCH
chr6:31956220:C:T	0|1	0|1	MATCH	MATCH
chr6:31957103:G:A	0|1	0|1	MATCH	MATCH
chr6:31960529:A:G	0|1	0|1	MATCH	MATCH
chr6:31962664:G:T	1|0	1|0	MATCH	MATCH
chr6:31962685:G:A	0|1	0|1	MATCH	MATCH
chr6:31963360:T:C	0|1	0|1	MATCH	MATCH
chr6:31964400:C:T	0|1	0|1	MATCH	MATCH
chr6:31965384:G:A	0|1	0|1	MATCH	MATCH
chr6:31965741:T:C	1|0	1|0	MATCH	MATCH
chr6:31965863:C:T	1|0	1|0	MATCH	MATCH
chr6:31966595:C:T	0|1	0|1	MATCH	MATCH
chr6:31967507:CCT:C	0|1	0|1	MATCH	MATCH
chr6:31967534:C:T	0|1	0|1	MATCH	MATCH
chr6:31968700:G:A	1|0	1|0	MATCH	MATCH
chr6:31968902:C:T	0|1	0|1	MATCH	MATCH
chr6:31969260:C:T	0|1	0|1	MATCH	MATCH
chr6:31970330:A:G	1|0	1|0	MATCH	MATCH
chr6:31970858:G:C	0|1	0|1	MATCH	MATCH
chr6:31973613:A:G	0|1	0|1	MATCH	MATCH
chr6:31973780:G:A	0|1	0|1	MATCH	MATCH
chr6:31974737:A:G	0|1	0|1	MATCH	MATCH
chr6:31975808:T:C	0|1	0|1	MATCH	MATCH
chr6:31976816:C:T	0|1	0|1	MATCH	MATCH
chr6:31979309:G:A	0|1	0|1	MATCH	MATCH
chr6:31979817:G:C	0|1	0|1	MATCH	MATCH
chr6:31980644:TCTC:T	0|1	0|1	MATCH	MATCH
chr6:32028747:C:A	0|1	0|1	MATCH	MATCH
chr6:32037140:G:T	0|1	0|1	MATCH	MATCH
chr6:32037872:A:G	0|1	0|1	MATCH	MATCH
chr6:32039286:C:T	1|0	1|0	MATCH	MATCH
chr6:32046198:G:A	1|0	1|0	MATCH	MATCH
chr6:32049768:T:TG	0|1	0|1	MATCH	MATCH
chr6:32056126:G:C	0|1	0|1	MATCH	MATCH
chr6:32062152:C:T	0|1	0|1	MATCH	MATCH
chr6:32064572:C:T	1|0	1|0	MATCH	MATCH
chr6:32068300:C:A	1|0	1|0	MATCH	MATCH
chr6:32069592:C:T	1|0	1|0	MATCH	MATCH
chr6:32089365:G:A	1|0	1|0	MATCH	MATCH
chr6:32102570:AAAAAAAG:A	1|0	1|0	MATCH	MATCH
chr6:32103061:T:C	0|1	0|1	MATCH	MATCH
chr6:32103860:T:C	1|0	1|0	MATCH	MATCH
chr6:32106741:C:G	0|1	0|1	MATCH	MATCH
chr6:32107526:T:C	1|0	1|0	MATCH	MATCH
chr6:32107786:T:C	1|0	1|0	MATCH	MATCH
chr6:32107988:G:A	1|0	1|0	MATCH	MATCH
chr6:32109065:C:A	1|0	1|0	MATCH	MATCH
chr6:32113509:C:T	1|0	1|0	MATCH	MATCH
chr6:32114693:G:A	0|1	0|1	MATCH	MATCH
chr6:32115523:A:G	1|0	1|0	MATCH	MATCH
chr6:32117821:C:T	0|1	0|1	MATCH	MATCH
chr6:32118465:G:A	1|0	1|0	MATCH	MATCH
chr6:32124158:C:T	1|0	1|0	MATCH	MATCH
chr6:32124430:T:C	0|1	0|1	MATCH	MATCH
chr6:32126145:G:A	0|1	0|1	MATCH	MATCH
chr6:32126816:T:C	1|0	1|0	MATCH	MATCH
chr6:32130114:A:G	0|1	0|1	MATCH	MATCH
chr6:32130425:A:T	1|0	1|0	MATCH	MATCH
chr6:32133291:ACT:A	1|0	1|0	MATCH	MATCH
chr6:32134454:C:T	0|1	0|1	MATCH	MATCH
chr6:32134828:GCTCT:G	0|1	0|1	MATCH	MATCH
chr6:32137309:TG:T	1|0	1|0	MATCH	MATCH
chr6:32137735:G:A	0|1	0|1	MATCH	MATCH
chr6:32140585:C:G	0|1	0|1	MATCH	MATCH
chr6:32141365:G:A	1|0	1|0	MATCH	MATCH
chr6:32142202:A:G	0|1	0|1	MATCH	MATCH
chr6:32145535:G:A	0|1	0|1	MATCH	MATCH
chr6:32146103:T:C	1|0	1|0	MATCH	MATCH
chr6:32147408:G:A	1|0	1|0	MATCH	MATCH
chr6:32150194:T:G	1|0	1|0	MATCH	MATCH
chr6:32151949:G:GGC	1|0	1|0	MATCH	MATCH
chr6:32152340:C:G	1|0	1|0	MATCH	MATCH
chr6:32153882:T:C	0|1	0|1	MATCH	MATCH
chr6:32154155:C:T	0|1	0|1	MATCH	MATCH
chr6:32154695:C:A	1|0	1|0	MATCH	MATCH
chr6:32156196:C:G	1|0	1|0	MATCH	MATCH
chr6:32158631:A:T	1|0	1|0	MATCH	MATCH
chr6:32160342:GC:G	1|0	1|0	MATCH	MATCH
chr6:32160513:T:C	1|0	1|0	MATCH	MATCH
chr6:32164813:A:G	0|1	0|1	MATCH	MATCH
chr6:32164950:C:T	1|0	1|0	MATCH	MATCH
chr6:32165321:A:G	1|0	1|0	MATCH	MATCH
chr6:32165367:T:C	1|0	1|0	MATCH	MATCH
chr6:32166733:G:A	1|0	1|0	MATCH	MATCH
chr6:32168170:GCTT:G	0|1	0|1	MATCH	MATCH
chr6:32169153:G:T	0|1	0|1	MATCH	MATCH
chr6:32172226:C:T	0|1	0|1	MATCH	MATCH
chr6:32172500:C:A	1|0	1|0	MATCH	MATCH
chr6:32172710:T:C	1|0	1|0	MATCH	MATCH
chr6:32173228:A:T	1|0	1|0	MATCH	MATCH
chr6:32177428:C:T	1|0	1|0	MATCH	MATCH
chr6:32177911:TA:T	1|0	1|0	MATCH	MATCH
chr6:32178216:C:G	1|0	1|0	MATCH	MATCH
chr6:32178222:C:G	1|0	1|0	MATCH	MATCH
chr6:32178715:C:A	1|0	1|0	MATCH	MATCH
chr6:32178867:C:T	1|0	1|0	MATCH	MATCH
chr6:32179220:A:G	1|0	1|0	MATCH	MATCH
chr6:32179919:G:A	1|0	1|0	MATCH	MATCH
chr6:32180254:A:G	1|0	1|0	MATCH	MATCH
chr6:32180626:G:C	1|0	1|0	MATCH	MATCH
chr6:32181760:C:G	1|0	1|0	MATCH	MATCH
chr6:32182039:T:C	1|0	1|0	MATCH	MATCH
chr6:32182106:C:T	0|1	0|1	MATCH	MATCH
chr6:32184157:A:G	1|0	1|0	MATCH	MATCH
chr6:32184665:A:G	1|0	1|0	MATCH	MATCH
chr6:32187221:C:T	0|1	0|1	MATCH	MATCH
chr6:32192179:T:C	1|0	1|0	MATCH	MATCH
chr6:32197667:A:G	1|0	1|0	MATCH	MATCH
chr6:32199476:G:A	0|1	0|1	MATCH	MATCH
chr6:32200994:G:T	1|0	1|0	MATCH	MATCH
chr6:32201844:T:A	1|0	1|0	MATCH	MATCH
chr6:32202687:AG:A	1|0	1|0	MATCH	MATCH
chr6:32203298:A:G	1|0	1|0	MATCH	MATCH
chr6:32203357:T:TA	1|0	1|0	MATCH	MATCH
chr6:32203906:T:C	1|0	1|0	MATCH	MATCH
chr6:32207554:G:A	1|0	1|0	MATCH	MATCH
chr6:32208431:G:C	1|0	1|0	MATCH	MATCH
chr6:32208735:G:A	1|0	1|0	MATCH	MATCH
chr6:32209005:G:T	1|0	1|0	MATCH	MATCH
chr6:32210996:T:C	1|0	1|0	MATCH	MATCH
chr6:32211661:G:A	1|0	1|0	MATCH	MATCH
chr6:32212102:T:A	1|0	1|0	MATCH	MATCH
chr6:32212464:C:T	0|1	0|1	MATCH	MATCH
chr6:32213405:G:A	0|1	0|1	MATCH	MATCH
chr6:32214982:G:A	0|1	0|1	MATCH	MATCH
chr6:32215398:G:A	1|0	1|0	MATCH	MATCH
chr6:32216247:C:T	0|1	0|1	MATCH	MATCH
chr6:32216289:G:T	1|0	1|0	MATCH	MATCH
chr6:32216362:G:A	0|1	0|1	MATCH	MATCH
chr6:32216444:G:A	1|0	1|0	MATCH	MATCH
chr6:32216568:T:C	0|1	0|1	MATCH	MATCH
chr6:32216651:CA:C	0|1	0|1	MATCH	MATCH
chr6:32216797:G:A	0|1	0|1	MATCH	MATCH
chr6:32218145:CAG:C	1|0	1|0	MATCH	MATCH
chr6:32218273:G:A	1|0	1|0	MATCH	MATCH
chr6:32218370:C:A	1|0	1|0	MATCH	MATCH
chr6:32218416:T:C	0|1	0|1	MATCH	MATCH
chr6:32218468:G:A	0|1	0|1	MATCH	MATCH
chr6:32218949:G:A	1|0	1|0	MATCH	MATCH
chr6:32219095:A:G	0|1	0|1	MATCH	MATCH
chr6:32219246:A:G	1|0	1|0	MATCH	MATCH
chr6:32223264:G:A	1|0	1|0	MATCH	MATCH
chr6:32223953:G:A	1|0	1|0	MATCH	MATCH
chr6:32224440:C:T	1|0	1|0	MATCH	MATCH
chr6:32224659:A:G	1|0	1|0	MATCH	MATCH
chr6:32225201:T:A	1|0	1|0	MATCH	MATCH
chr6:32225442:C:T	0|1	0|1	MATCH	MATCH
chr6:32225443:A:G	1|0	1|0	MATCH	MATCH
chr6:32225672:T:C	1|0	1|0	MATCH	MATCH
chr6:32225791:C:T	1|0	1|0	MATCH	MATCH
chr6:32225921:A:T	1|0	1|0	MATCH	MATCH
chr6:32226168:G:T	1|0	1|0	MATCH	MATCH
chr6:32226300:T:G	1|0	1|0	MATCH	MATCH
chr6:32226306:T:G	1|0	1|0	MATCH	MATCH
chr6:32226482:A:C	1|0	1|0	MATCH	MATCH
chr6:32226531:C:T	0|1	0|1	MATCH	MATCH
chr6:32226562:C:T	1|0	1|0	MATCH	MATCH
chr6:32226832:A:G	1|0	1|0	MATCH	MATCH
chr6:32226963:C:T	1|0	1|0	MATCH	MATCH
chr6:32226974:T:C	1|0	1|0	MATCH	MATCH
chr6:32227048:T:A	1|0	1|0	MATCH	MATCH
chr6:32227077:G:A	1|0	1|0	MATCH	MATCH
chr6:32227228:C:T	1|0	1|0	MATCH	MATCH
chr6:32227555:C:T	1|0	1|0	MATCH	MATCH
chr6:32227582:G:A	1|0	1|0	MATCH	MATCH
chr6:32227946:T:C	1|0	1|0	MATCH	MATCH
chr6:32228211:T:G	1|0	1|0	MATCH	MATCH
chr6:32228536:C:T	1|0	1|0	MATCH	MATCH
chr6:32228660:C:T	1|0	1|0	MATCH	MATCH
chr6:32228896:G:A	1|0	1|0	MATCH	MATCH
chr6:32229096:A:G	1|0	1|0	MATCH	MATCH
chr6:32229237:T:G	1|0	1|0	MATCH	MATCH
chr6:32229314:G:C	1|0	1|0	MATCH	MATCH
chr6:32229442:T:G	1|0	1|0	MATCH	MATCH
chr6:32229959:A:G	1|0	1|0	MATCH	MATCH
chr6:32230279:A:G	1|0	1|0	MATCH	MATCH
chr6:32230443:G:GAGA	1|0	1|0	MATCH	MATCH
chr6:32230589:T:C	1|0	1|0	MATCH	MATCH
chr6:32230749:C:T	1|0	1|0	MATCH	MATCH
chr6:32230992:C:T	1|0	1|0	MATCH	MATCH
chr6:32231171:T:C	1|0	1|0	MATCH	MATCH
chr6:32231184:T:A	1|0	1|0	MATCH	MATCH
chr6:32231367:C:A	0|1	0|1	MATCH	MATCH
chr6:32231447:C:T	1|0	1|0	MATCH	MATCH
chr6:32231462:C:T	1|0	1|0	MATCH	MATCH
chr6:32232370:C:G	1|0	1|0	MATCH	MATCH
chr6:32232458:G:A	1|0	1|0	MATCH	MATCH
chr6:32232582:G:A	1|0	1|0	MATCH	MATCH
chr6:32232977:C:T	1|0	1|0	MATCH	MATCH
chr6:32233398:A:G	1|0	1|0	MATCH	MATCH
chr6:32233474:A:T	1|0	1|0	MATCH	MATCH
chr6:32233502:G:C	0|1	0|1	MATCH	MATCH
chr6:32233507:A:C	1|0	1|0	MATCH	MATCH
chr6:32233610:G:A	0|1	0|1	MATCH	MATCH
chr6:32233663:G:A	1|0	1|0	MATCH	MATCH
chr6:32233749:A:G	0|1	0|1	MATCH	MATCH
chr6:32234202:T:C	1|0	1|0	MATCH	MATCH
chr6:32234242:C:T	1|0	1|0	MATCH	MATCH
chr6:32234830:G:A	1|0	1|0	MATCH	MATCH
chr6:32235157:C:T	1|0	1|0	MATCH	MATCH
chr6:32235264:G:A	1|0	1|0	MATCH	MATCH
chr6:32235760:A:G	1|0	1|0	MATCH	MATCH
chr6:32235875:T:C	1|0	1|0	MATCH	MATCH
chr6:32236865:T:C	1|0	1|0	MATCH	MATCH
chr6:32237042:CG:C	0|1	0|1	MATCH	MATCH
chr6:32237644:GGCATCACT:G	1|0	1|0	MATCH	MATCH
chr6:32238035:CTCTT:C	1|0	1|0	MATCH	MATCH
chr6:32238090:A:G	0|1	0|1	MATCH	MATCH
chr6:32238422:G:T	1|0	1|0	MATCH	MATCH
chr6:32238466:C:T	0|1	0|1	MATCH	MATCH
chr6:32238527:A:C	1|0	1|0	MATCH	MATCH
chr6:32238688:G:A	0|1	0|1	MATCH	MATCH
chr6:32238762:C:T	0|1	0|1	MATCH	MATCH
chr6:32238805:TG:T	1|0	1|0	MATCH	MATCH
chr6:32238842:G:T	1|0	1|0	MATCH	MATCH
chr6:32238910:A:T	1|0	1|0	MATCH	MATCH
chr6:32239404:G:A	0|1	0|1	MATCH	MATCH
chr6:32239616:G:T	0|1	0|1	MATCH	MATCH
chr6:32240135:T:C	0|1	0|1	MATCH	MATCH
chr6:32240182:T:C	0|1	0|1	MATCH	MATCH
chr6:32240547:C:T	0|1	0|1	MATCH	MATCH
chr6:32240672:C:G	0|1	0|1	MATCH	MATCH
chr6:32240896:G:A	1|0	1|0	MATCH	MATCH
chr6:32240920:T:C	0|1	0|1	MATCH	MATCH
chr6:32240921:G:A	0|1	0|1	MATCH	MATCH
chr6:32241144:G:A	1|0	1|0	MATCH	MATCH
chr6:32241250:T:C	0|1	0|1	MATCH	MATCH
chr6:32241485:T:C	0|1	0|1	MATCH	MATCH
chr6:32241637:T:C	0|1	0|1	MATCH	MATCH
chr6:32241785:T:C	0|1	0|1	MATCH	MATCH
chr6:32241994:CTT:C	1|0	1|0	MATCH	MATCH
chr6:32242084:C:T	0|1	0|1	MATCH	MATCH
chr6:32242186:T:C	0|1	0|1	MATCH	MATCH
chr6:32243022:A:G	0|1	0|1	MATCH	MATCH
chr6:32243288:G:A	0|1	0|1	MATCH	MATCH
chr6:32243308:T:G	0|1	0|1	MATCH	MATCH
chr6:32243441:A:G	1|0	1|0	MATCH	MATCH
chr6:32243540:C:T	1|0	1|0	MATCH	MATCH
chr6:32243918:C:T	0|1	0|1	MATCH	MATCH
chr6:32244487:A:G	0|1	0|1	MATCH	MATCH
chr6:32244791:T:G	0|1	0|1	MATCH	MATCH
chr6:32244917:G:A	0|1	0|1	MATCH	MATCH
chr6:32244928:C:CG	0|1	0|1	MATCH	MATCH
chr6:32245080:T:C	0|1	0|1	MATCH	MATCH
chr6:32245090:T:G	0|1	0|1	MATCH	MATCH
chr6:32245433:G:A	0|1	0|1	MATCH	MATCH
chr6:32245861:A:G	0|1	0|1	MATCH	MATCH
chr6:32246011:G:A	0|1	0|1	MATCH	MATCH
chr6:32246032:T:C	0|1	0|1	MATCH	MATCH
chr6:32246033:G:C	0|1	0|1	MATCH	MATCH
chr6:32246054:A:T	0|1	0|1	MATCH	MATCH
chr6:32246282:G:C	0|1	0|1	MATCH	MATCH
chr6:32246416:G:A	0|1	0|1	MATCH	MATCH
chr6:32246654:A:G	0|1	0|1	MATCH	MATCH
chr6:32246658:C:A	1|0	1|0	MATCH	MATCH
chr6:32246839:A:C	0|1	0|1	MATCH	MATCH
chr6:32247286:G:A	0|1	0|1	MATCH	MATCH
chr6:32247411:T:C	0|1	0|1	MATCH	MATCH
chr6:32247421:G:T	0|1	0|1	MATCH	MATCH
chr6:32247475:G:T	0|1	0|1	MATCH	MATCH
chr6:32247515:C:A	0|1	0|1	MATCH	MATCH
chr6:32247537:C:T	0|1	0|1	MATCH	MATCH
chr6:32247992:G:C	0|1	0|1	MATCH	MATCH
chr6:32248099:G:A	0|1	0|1	MATCH	MATCH
chr6:32248187:T:C	0|1	0|1	MATCH	MATCH
chr6:32248459:A:C	1|0	1|0	MATCH	MATCH
chr6:32249073:T:A	0|1	0|1	MATCH	MATCH
chr6:32249114:T:G	0|1	0|1	MATCH	MATCH
chr6:32249134:C:G	0|1	0|1	MATCH	MATCH
chr6:32249186:C:T	0|1	0|1	MATCH	MATCH
chr6:32249241:G:C	0|1	0|1	MATCH	MATCH
chr6:32249269:C:T	0|1	0|1	MATCH	MATCH
chr6:32249394:C:T	1|0	1|0	MATCH	MATCH
chr6:32249408:T:C	0|1	0|1	MATCH	MATCH
chr6:32249590:A:G	0|1	0|1	MATCH	MATCH
chr6:32249659:A:G	0|1	0|1	MATCH	MATCH
chr6:32249676:A:G	0|1	0|1	MATCH	MATCH
chr6:32249817:C:T	0|1	0|1	MATCH	MATCH
chr6:32250069:G:A	0|1	0|1	MATCH	MATCH
chr6:32250342:C:T	0|1	0|1	MATCH	MATCH
chr6:32250421:A:G	0|1	0|1	MATCH	MATCH
chr6:32250522:T:C	1|0	1|0	MATCH	MATCH
chr6:32250548:G:T	0|1	0|1	MATCH	MATCH
chr6:32250637:T:C	1|0	1|0	MATCH	MATCH
chr6:32250889:T:G	1|0	1|0	MATCH	MATCH
chr6:32250904:A:G	1|0	1|0	MATCH	MATCH
chr6:32251007:GA:G	1|0	1|0	MATCH	MATCH
chr6:32251066:A:G	0|1	0|1	MATCH	MATCH
chr6:32251212:G:A	1|0	1|0	MATCH	MATCH
chr6:32251233:T:A	1|0	1|0	MATCH	MATCH
chr6:32251382:C:T	0|1	0|1	MATCH	MATCH
chr6:32251948:A:G	1|0	1|0	MATCH	MATCH
chr6:32252061:C:T	0|1	0|1	MATCH	MATCH
chr6:32252087:GTTGAT:G	0|1	0|1	MATCH	MATCH
chr6:32252185:G:A	1|0	1|0	MATCH	MATCH
chr6:32252260:A:C	1|0	1|0	MATCH	MATCH
chr6:32252800:C:T	1|0	1|0	MATCH	MATCH
chr6:32252908:G:A	0|1	0|1	MATCH	MATCH
chr6:32253636:T:A	0|1	0|1	MATCH	MATCH
chr6:32253779:A:G	1|0	1|0	MATCH	MATCH
chr6:32253791:A:G	1|0	1|0	MATCH	MATCH
chr6:32253868:C:T	1|0	1|0	MATCH	MATCH
chr6:32254157:A:G	0|1	0|1	MATCH	MATCH
chr6:32254929:A:G	0|1	0|1	MATCH	MATCH
chr6:32255245:C:T	1|0	1|0	MATCH	MATCH
chr6:32256602:T:G	0|1	0|1	MATCH	MATCH
chr6:32256611:C:A	0|1	0|1	MATCH	MATCH
chr6:32257107:TTTC:T	0|1	0|1	MATCH	MATCH
chr6:32259215:G:A	1|0	1|0	MATCH	MATCH
chr6:32259711:A:G	0|1	0|1	MATCH	MATCH
chr6:32260135:AG:A	0|1	0|1	MATCH	MATCH
chr6:32261788:CTG:C	1|0	1|0	MATCH	MATCH
chr6:32261795:T:C	0|1	0|1	MATCH	MATCH
chr6:32261878:C:T	0|1	0|1	MATCH	MATCH
chr6:32263237:G:A	0|1	0|1	MATCH	MATCH
chr6:32265770:A:G	0|1	0|1	MATCH	MATCH
chr6:32266281:T:G	1|0	1|0	MATCH	MATCH
chr6:32266635:G:A	0|1	0|1	MATCH	MATCH
chr6:32267176:G:T	0|1	0|1	MATCH	MATCH
chr6:32267980:A:G	1|0	1|0	MATCH	MATCH
chr6:32268697:AC:A	1|0	1|0	MATCH	MATCH
chr6:32269710:C:T	0|1	0|1	MATCH	MATCH
chr6:32270489:C:T	0|1	0|1	MATCH	MATCH
chr6:32270503:G:A	0|1	0|1	MATCH	MATCH
chr6:32270650:A:G	1|0	1|0	MATCH	MATCH
chr6:32270733:G:A	1|0	1|0	MATCH	MATCH
chr6:32271025:T:C	0|1	0|1	MATCH	MATCH
chr6:32271781:A:C	0|1	0|1	MATCH	MATCH
chr6:32275117:C:G	1|0	1|0	MATCH	MATCH
chr6:32277014:GC:G	1|0	1|0	MATCH	MATCH
chr6:32278796:C:T	1|0	1|0	MATCH	MATCH
chr6:32282470:A:G	1|0	1|0	MATCH	MATCH
chr6:32284497:A:G	0|1	0|1	MATCH	MATCH
chr6:32286107:C:T	0|1	0|1	MATCH	MATCH
chr6:32286448:G:C	0|1	0|1	MATCH	MATCH
chr6:32286877:A:G	0|1	0|1	MATCH	MATCH
chr6:32287935:CAGTT:C	0|1	0|1	MATCH	MATCH
chr6:32288355:G:A	0|1	0|1	MATCH	MATCH
chr6:32289560:A:G	0|1	0|1	MATCH	MATCH
chr6:32289789:G:A	0|1	0|1	MATCH	MATCH
chr6:32292146:C:G	1|0	1|0	MATCH	MATCH
chr6:32292782:A:G	0|1	0|1	MATCH	MATCH
chr6:32293994:A:G	0|1	0|1	MATCH	MATCH
chr6:32299299:T:C	1|0	1|0	MATCH	MATCH
chr6:32299530:G:A	1|0	1|0	MATCH	MATCH
chr6:32300724:A:T	0|1	0|1	MATCH	MATCH
chr6:32301203:A:G	0|1	0|1	MATCH	MATCH
chr6:32301582:G:T	0|1	0|1	MATCH	MATCH
chr6:32301801:T:C	1|0	1|0	MATCH	MATCH
chr6:32302723:A:G	0|1	0|1	MATCH	MATCH
chr6:32304768:A:T	1|0	1|0	MATCH	MATCH
chr6:32305381:G:C	0|1	0|1	MATCH	MATCH
chr6:32308392:A:G	0|1	0|1	MATCH	MATCH
chr6:32308415:G:A	1|0	1|0	MATCH	MATCH
chr6:32308523:G:A	0|1	0|1	MATCH	MATCH
chr6:32308725:A:G	0|1	0|1	MATCH	MATCH
chr6:32309492:C:T	0|1	0|1	MATCH	MATCH
chr6:32310489:A:G	0|1	0|1	MATCH	MATCH
chr6:32311344:A:T	0|1	0|1	MATCH	MATCH
chr6:32313635:C:A	1|0	1|0	MATCH	MATCH
chr6:32314256:G:A	0|1	0|1	MATCH	MATCH
chr6:32314291:G:A	0|1	0|1	MATCH	MATCH
chr6:32314845:CTTTGACAACTCTAGATGTGAA:C	0|1	0|1	MATCH	MATCH
chr6:32316646:A:T	0|1	0|1	MATCH	MATCH
chr6:32316880:C:T	1|0	1|0	MATCH	MATCH
chr6:32317173:T:A	0|1	0|1	MATCH	MATCH
chr6:32317471:G:A	0|1	0|1	MATCH	MATCH
chr6:32317571:G:C	0|1	0|1	MATCH	MATCH
chr6:32317765:A:G	0|1	0|1	MATCH	MATCH
chr6:32318325:T:A	0|1	0|1	MATCH	MATCH
chr6:32318903:G:A	0|1	0|1	MATCH	MATCH
chr6:32319207:T:G	0|1	0|1	MATCH	MATCH
chr6:32319552:C:T	0|1	0|1	MATCH	MATCH
chr6:32319719:A:G	0|1	0|1	MATCH	MATCH
chr6:32320264:T:C	0|1	0|1	MATCH	MATCH
chr6:32320413:T:C	0|1	0|1	MATCH	MATCH
chr6:32320787:T:G	0|1	0|1	MATCH	MATCH
chr6:32321028:T:C	0|1	0|1	MATCH	MATCH
chr6:32321155:T:A	0|1	0|1	MATCH	MATCH
chr6:32321463:C:T	0|1	0|1	MATCH	MATCH
chr6:32321541:T:C	0|1	0|1	MATCH	MATCH
chr6:32321987:C:T	0|1	0|1	MATCH	MATCH
chr6:32322927:G:A	0|1	0|1	MATCH	MATCH
chr6:32322971:A:G	0|1	0|1	MATCH	MATCH
chr6:32323150:G:T	0|1	0|1	MATCH	MATCH
chr6:32323177:A:G	0|1	0|1	MATCH	MATCH
chr6:32323493:CAG:C	0|1	0|1	MATCH	MATCH
chr6:32323582:T:G	0|1	0|1	MATCH	MATCH
chr6:32323765:C:T	0|1	0|1	MATCH	MATCH
chr6:32324060:G:T	0|1	0|1	MATCH	MATCH
chr6:32324307:C:T	0|1	0|1	MATCH	MATCH
chr6:32324794:T:A	0|1	0|1	MATCH	MATCH
chr6:32324938:G:A	0|1	0|1	MATCH	MATCH
chr6:32325179:T:C	0|1	0|1	MATCH	MATCH
chr6:32325657:A:C	0|1	0|1	MATCH	MATCH
chr6:32325755:T:C	0|1	0|1	MATCH	MATCH
chr6:32325793:G:A	0|1	0|1	MATCH	MATCH
chr6:32325801:C:G	0|1	0|1	MATCH	MATCH
chr6:32325821:A:T	0|1	0|1	MATCH	MATCH
chr6:32325894:G:A	0|1	0|1	MATCH	MATCH
chr6:32326415:G:A	0|1	0|1	MATCH	MATCH
chr6:32326786:T:G	0|1	0|1	MATCH	MATCH
chr6:32326789:G:A	0|1	0|1	MATCH	MATCH
chr6:32326935:A:G	0|1	0|1	MATCH	MATCH
chr6:32327066:T:C	0|1	0|1	MATCH	MATCH
chr6:32327215:G:A	0|1	0|1	MATCH	MATCH
chr6:32327573:G:A	0|1	0|1	MATCH	MATCH
chr6:32327580:G:A	0|1	0|1	MATCH	MATCH
chr6:32327917:A:G	0|1	0|1	MATCH	MATCH
chr6:32327940:C:T	1|0	1|0	MATCH	MATCH
chr6:32328051:A:G	0|1	0|1	MATCH	MATCH
chr6:32328097:C:T	1|0	1|0	MATCH	MATCH
chr6:32328252:T:G	0|1	0|1	MATCH	MATCH
chr6:32328280:C:T	0|1	0|1	MATCH	MATCH
chr6:32328340:T:C	0|1	0|1	MATCH	MATCH
chr6:32328539:C:T	0|1	0|1	MATCH	MATCH
chr6:32328598:G:A	0|1	0|1	MATCH	MATCH
chr6:32328778:G:C	0|1	0|1	MATCH	MATCH
chr6:32329003:C:T	0|1	0|1	MATCH	MATCH
chr6:32329065:C:G	0|1	0|1	MATCH	MATCH
chr6:32329238:CA:C	0|1	0|1	MATCH	MATCH
chr6:32329347:A:T	0|1	0|1	MATCH	MATCH
chr6:32329379:T:C	0|1	0|1	MATCH	MATCH
chr6:32329560:T:C	0|1	0|1	MATCH	MATCH
chr6:32329564:G:A	0|1	0|1	MATCH	MATCH
chr6:32329640:G:A	0|1	0|1	MATCH	MATCH
chr6:32329864:TAGATTTTAACACC:T	0|1	0|1	MATCH	MATCH
chr6:32329883:C:G	0|1	0|1	MATCH	MATCH
chr6:32329913:C:T	0|1	0|1	MATCH	MATCH
chr6:32330021:CTCTT:C	0|1	0|1	MATCH	MATCH
chr6:32330124:A:G	0|1	0|1	MATCH	MATCH
chr6:32330129:T:G	0|1	0|1	MATCH	MATCH
chr6:32330595:A:G	0|1	0|1	MATCH	MATCH
chr6:32330871:A:G	0|1	0|1	MATCH	MATCH
chr6:32331165:G:A	0|1	0|1	MATCH	MATCH
chr6:32331202:T:TCC	0|1	0|1	MATCH	MATCH
chr6:32331815:G:A	0|1	0|1	MATCH	MATCH
chr6:32331938:G:A	0|1	0|1	MATCH	MATCH
chr6:32332096:G:T	0|1	0|1	MATCH	MATCH
chr6:32332693:T:G	0|1	0|1	MATCH	MATCH
chr6:32332786:T:A	1|0	1|0	MATCH	MATCH
chr6:32333071:T:C	0|1	0|1	MATCH	MATCH
chr6:32333512:T:C	0|1	0|1	MATCH	MATCH
chr6:32333545:C:T	0|1	0|1	MATCH	MATCH
chr6:32333675:C:G	0|1	0|1	MATCH	MATCH
chr6:32333737:G:A	0|1	0|1	MATCH	MATCH
chr6:32334027:G:C	0|1	0|1	MATCH	MATCH
chr6:32334268:A:C	0|1	0|1	MATCH	MATCH
chr6:32334290:C:T	0|1	0|1	MATCH	MATCH
chr6:32334635:A:T	0|1	0|1	MATCH	MATCH
chr6:32334762:A:G	0|1	0|1	MATCH	MATCH
chr6:32334764:T:G	0|1	0|1	MATCH	MATCH
chr6:32334951:T:G	0|1	0|1	MATCH	MATCH
chr6:32334964:G:T	0|1	0|1	MATCH	MATCH
chr6:32334980:G:A	0|1	0|1	MATCH	MATCH
chr6:32335291:G:A	0|1	0|1	MATCH	MATCH
chr6:32335734:G:A	0|1	0|1	MATCH	MATCH
chr6:32336254:G:A	0|1	0|1	MATCH	MATCH
chr6:32336445:C:G	0|1	0|1	MATCH	MATCH
chr6:32336973:AG:A	0|1	0|1	MATCH	MATCH
chr6:32337252:T:A	0|1	0|1	MATCH	MATCH
chr6:32337348:C:T	0|1	0|1	MATCH	MATCH
chr6:32337365:C:T	0|1	0|1	MATCH	MATCH
chr6:32337366:C:G	0|1	0|1	MATCH	MATCH
chr6:32337593:T:G	0|1	0|1	MATCH	MATCH
chr6:32337913:C:A	0|1	0|1	MATCH	MATCH
chr6:32338245:G:A	0|1	0|1	MATCH	MATCH
chr6:32338427:A:AC	1|0	1|0	MATCH	MATCH
chr6:32338485:T:C	0|1	0|1	MATCH	MATCH
chr6:32338880:GAAAGA:G	0|1	0|1	MATCH	MATCH
chr6:32339193:C:A	0|1	0|1	MATCH	MATCH
chr6:32339229:A:AG	0|1	0|1	MATCH	MATCH
chr6:32339360:T:C	0|1	0|1	MATCH	MATCH
chr6:32339483:T:G	0|1	0|1	MATCH	MATCH
chr6:32339605:G:A	0|1	0|1	MATCH	MATCH
chr6:32339669:T:C	0|1	0|1	MATCH	MATCH
chr6:32340092:T:C	0|1	0|1	MATCH	MATCH
chr6:32340285:A:G	0|1	0|1	MATCH	MATCH
chr6:32340568:T:G	0|1	0|1	MATCH	MATCH
chr6:32340688:A:C	0|1	0|1	MATCH	MATCH
chr6:32340912:C:T	0|1	0|1	MATCH	MATCH
chr6:32340913:A:G	0|1	0|1	MATCH	MATCH
chr6:32340957:A:G	0|1	0|1	MATCH	MATCH
chr6:32340993:G:A	0|1	0|1	MATCH	MATCH
chr6:32341226:A:T	0|1	0|1	MATCH	MATCH
chr6:32341503:G:A	0|1	0|1	MATCH	MATCH
chr6:32341519:C:G	0|1	0|1	MATCH	MATCH
chr6:32341546:C:T	0|1	0|1	MATCH	MATCH
chr6:32341575:T:C	0|1	0|1	MATCH	MATCH
chr6:32341657:T:C	0|1	0|1	MATCH	MATCH
chr6:32342087:C:T	0|1	0|1	MATCH	MATCH
chr6:32342326:G:A	0|1	0|1	MATCH	MATCH
chr6:32342434:A:G	0|1	0|1	MATCH	MATCH
chr6:32342619:A:G	0|1	0|1	MATCH	MATCH
chr6:32342638:C:G	0|1	0|1	MATCH	MATCH
chr6:32342907:G:A	0|1	0|1	MATCH	MATCH
chr6:32343026:G:A	0|1	0|1	MATCH	MATCH
chr6:32343190:C:T	0|1	0|1	MATCH	MATCH
chr6:32343209:C:G	0|1	0|1	MATCH	MATCH
chr6:32343371:C:G	0|1	0|1	MATCH	MATCH
chr6:32344305:A:G	0|1	0|1	MATCH	MATCH
chr6:32344576:C:T	0|1	0|1	MATCH	MATCH
chr6:32344833:A:G	0|1	0|1	MATCH	MATCH
chr6:32344963:C:A	0|1	0|1	MATCH	MATCH
chr6:32345019:A:G	0|1	0|1	MATCH	MATCH
chr6:32345106:C:T	0|1	0|1	MATCH	MATCH
chr6:32345233:C:T	0|1	0|1	MATCH	MATCH
chr6:32345234:T:G	0|1	0|1	MATCH	MATCH
chr6:32345320:T:C	0|1	0|1	MATCH	MATCH
chr6:32345359:C:T	0|1	0|1	MATCH	MATCH
chr6:32345366:A:C	0|1	0|1	MATCH	MATCH
chr6:32345684:G:T	0|1	0|1	MATCH	MATCH
chr6:32345991:TGTCATATCCTCATTTTTTTTTTTTTTTTTTTTTTGAGACGGAGTCTCGCTCTGTCGCCCAGGCCGGACTGCGGACTGCAGTGGCGCAATCTCGGCTCACTGCAAGCTCCGCTTCCCGGGTTCACGCCATTCTCCTGCCTCAGCCTCCCGAGTAGCTGGGACTACAGGTGCCCGCCACAGCGCTCGGCTAATTTTTTTGTATTTTTAGTAGAGACGGGGTTTCACCTTGTTAGCCAGGATGGTCTCGATCTCCTGACCTCATGATCCACCCGCCTCGGCCTCCCAAAGTGCTGGGATTACAGGCGTGAGCCACCGCGCCCGGCC:T	0|1	0|0	DIFF	ERROR
chr6:32346706:T:C	0|1	0|1	MATCH	MATCH
chr6:32346854:TG:T	0|1	0|1	MATCH	MATCH
chr6:32346899:G:A	0|1	0|1	MATCH	MATCH
chr6:32346961:T:C	0|1	0|1	MATCH	MATCH
chr6:32347324:A:G	0|1	0|1	MATCH	MATCH
chr6:32347396:T:C	0|1	0|1	MATCH	MATCH
chr6:32347439:G:A	0|1	0|1	MATCH	MATCH
chr6:32347709:A:G	1|0	1|0	MATCH	MATCH
chr6:32347723:A:G	0|1	0|1	MATCH	MATCH
chr6:32347730:A:C	0|1	0|1	MATCH	MATCH
chr6:32347780:T:C	0|1	0|1	MATCH	MATCH
chr6:32347816:C:G	0|1	0|1	MATCH	MATCH
chr6:32347950:T:C	0|1	0|1	MATCH	MATCH
chr6:32348152:G:A	0|1	0|1	MATCH	MATCH
chr6:32348198:C:T	0|1	0|1	MATCH	MATCH
chr6:32348612:C:T	0|1	0|1	MATCH	MATCH
chr6:32349350:G:A	0|1	0|1	MATCH	MATCH
chr6:32349438:T:C	0|1	0|1	MATCH	MATCH
chr6:32349499:T:C	0|1	0|1	MATCH	MATCH
chr6:32350145:TTTTC:T	0|1	0|1	MATCH	MATCH
chr6:32350259:A:G	0|1	0|1	MATCH	MATCH
chr6:32350952:A:G	0|1	0|1	MATCH	MATCH
chr6:32351610:C:T	0|1	0|1	MATCH	MATCH
chr6:32351860:G:A	0|1	0|1	MATCH	MATCH
chr6:32353338:C:A	0|1	0|1	MATCH	MATCH
chr6:32353644:TAATA:T	0|1	0|1	MATCH	MATCH
chr6:32354095:T:C	0|1	0|1	MATCH	MATCH
chr6:32354616:C:T	0|1	0|1	MATCH	MATCH
chr6:32354656:T:C	0|1	0|1	MATCH	MATCH
chr6:32354693:C:T	0|1	0|1	MATCH	MATCH
chr6:32355752:A:G	0|1	0|1	MATCH	MATCH
chr6:32355968:G:A	0|1	0|1	MATCH	MATCH
chr6:32356743:T:C	0|1	0|1	MATCH	MATCH
chr6:32357515:A:C	0|1	0|1	MATCH	MATCH
chr6:32357930:C:A	0|1	0|1	MATCH	MATCH
chr6:32357933:G:A	0|1	0|1	MATCH	MATCH
chr6:32358058:C:T	0|1	0|1	MATCH	MATCH
chr6:32358268:G:A	0|1	0|1	MATCH	MATCH
chr6:32358463:G:A	0|1	0|1	MATCH	MATCH
chr6:32358469:T:G	0|1	0|1	MATCH	MATCH
chr6:32358563:G:A	0|1	0|1	MATCH	MATCH
chr6:32358715:T:TCATC	0|1	0|1	MATCH	MATCH
chr6:32358754:T:C	0|1	0|1	MATCH	MATCH
chr6:32358876:C:T	0|1	0|1	MATCH	MATCH
chr6:32359144:T:C	0|1	0|1	MATCH	MATCH
chr6:32359577:T:G	1|0	1|0	MATCH	MATCH
chr6:32359950:C:T	0|1	0|1	MATCH	MATCH
chr6:32360004:C:T	0|1	0|1	MATCH	MATCH
chr6:32360519:T:C	0|1	0|1	MATCH	MATCH
chr6:32360626:C:T	0|1	0|1	MATCH	MATCH
chr6:32361118:G:A	0|1	0|1	MATCH	MATCH
chr6:32361187:T:C	0|1	0|1	MATCH	MATCH
chr6:32361638:T:C	0|1	0|1	MATCH	MATCH
chr6:32361867:C:T	0|1	0|1	MATCH	MATCH
chr6:32362376:T:C	0|1	0|1	MATCH	MATCH
chr6:32362387:C:G	0|1	0|1	MATCH	MATCH
chr6:32362391:G:C	0|1	0|1	MATCH	MATCH
chr6:32362397:A:G	0|1	0|1	MATCH	MATCH
chr6:32362574:A:G	1|0	1|0	MATCH	MATCH
chr6:32362700:C:A	0|1	0|1	MATCH	MATCH
chr6:32362874:C:T	0|1	0|1	MATCH	MATCH
chr6:32362928:A:T	0|1	0|1	MATCH	MATCH
chr6:32362991:G:A	0|1	0|1	MATCH	MATCH
chr6:32363117:G:A	0|1	0|1	MATCH	MATCH
chr6:32363225:C:T	0|1	0|1	MATCH	MATCH
chr6:32363292:T:C	0|1	0|1	MATCH	MATCH
chr6:32363688:TA:T	0|1	0|1	MATCH	MATCH
chr6:32364047:A:G	0|1	0|1	MATCH	MATCH
chr6:32364060:C:T	0|1	0|1	MATCH	MATCH
chr6:32364064:G:A	0|1	0|1	MATCH	MATCH
chr6:32364150:C:G	0|1	0|1	MATCH	MATCH
chr6:32364455:TG:T	0|1	0|1	MATCH	MATCH
chr6:32364907:C:CT	0|1	0|1	MATCH	MATCH
chr6:32365013:C:A	0|1	0|1	MATCH	MATCH
chr6:32365046:G:A	0|1	0|1	MATCH	MATCH
chr6:32365219:C:G	0|1	0|1	MATCH	MATCH
chr6:32365316:A:G	0|1	0|1	MATCH	MATCH
chr6:32365321:C:T	0|1	0|1	MATCH	MATCH
chr6:32365418:A:G	0|1	0|1	MATCH	MATCH
chr6:32365633:A:C	0|1	0|1	MATCH	MATCH
chr6:32366060:T:TTTC	0|1	0|1	MATCH	MATCH
chr6:32366178:T:C	0|1	0|1	MATCH	MATCH
chr6:32366447:C:G	0|1	0|1	MATCH	MATCH
chr6:32366464:G:T	0|1	0|1	MATCH	MATCH
chr6:32366481:G:T	0|1	0|1	MATCH	MATCH
chr6:32366627:A:G	0|1	0|1	MATCH	MATCH
chr6:32366712:G:A	0|1	0|1	MATCH	MATCH
chr6:32367236:G:A	1|0	1|0	MATCH	MATCH
chr6:32367739:C:T	0|1	0|1	MATCH	MATCH
chr6:32368000:TA:T	0|1	0|1	MATCH	MATCH
chr6:32368297:C:T	0|1	0|1	MATCH	MATCH
chr6:32368350:G:C	0|1	0|1	MATCH	MATCH
chr6:32368434:A:G	0|1	0|1	MATCH	MATCH
chr6:32368743:AG:A	0|1	0|1	MATCH	MATCH
chr6:32368809:A:G	0|1	0|1	MATCH	MATCH
chr6:32369457:G:A	0|1	0|1	MATCH	MATCH
chr6:32369590:T:G	0|1	0|1	MATCH	MATCH
chr6:32369620:T:C	0|1	0|1	MATCH	MATCH
chr6:32369853:G:A	0|1	0|1	MATCH	MATCH
chr6:32369909:A:G	0|1	0|1	MATCH	MATCH
chr6:32370077:C:CT	0|1	0|1	MATCH	MATCH
chr6:32370609:G:C	0|1	0|1	MATCH	MATCH
chr6:32370623:C:T	0|1	0|1	MATCH	MATCH
chr6:32371124:A:T	0|1	0|1	MATCH	MATCH
chr6:32371179:AT:A	0|1	0|1	MATCH	MATCH
chr6:32371209:C:T	0|1	0|1	MATCH	MATCH
chr6:32371771:G:A	1|0	1|0	MATCH	MATCH
chr6:32372329:A:G	1|0	1|0	MATCH	MATCH
chr6:32374154:C:T	0|1	0|1	MATCH	MATCH
chr6:32378114:T:G	0|1	0|1	MATCH	MATCH
chr6:32380892:T:C	1|0	1|0	MATCH	MATCH
chr6:32381309:T:C	0|1	0|1	MATCH	MATCH
chr6:32381960:T:G	1|0	1|0	MATCH	MATCH
chr6:32381995:C:T	0|1	0|1	MATCH	MATCH
chr6:32389497:C:T	1|0	1|0	MATCH	MATCH
chr6:32393072:G:T	1|0	1|0	MATCH	MATCH
chr6:32395945:A:G	1|0	1|0	MATCH	MATCH
chr6:32396413:A:G	1|0	1|0	MATCH	MATCH
chr6:32401546:T:A	1|0	1|0	MATCH	MATCH
chr6:32404138:C:T	0|1	0|1	MATCH	MATCH
chr6:32408196:C:A	0|1	0|1	MATCH	MATCH
chr6:32408571:G:A	0|1	0|1	MATCH	MATCH
chr6:32408586:T:C	0|1	0|1	MATCH	MATCH
chr6:32408881:G:A	1|0	1|0	MATCH	MATCH
chr6:32409011:C:T	0|1	0|1	MATCH	MATCH
chr6:32412901:C:A	0|1	0|1	MATCH	MATCH
chr6:32413597:G:C	0|1	0|1	MATCH	MATCH
chr6:32413666:A:T	0|1	0|1	MATCH	MATCH
chr6:32414163:A:T	1|0	1|0	MATCH	MATCH
chr6:32415273:A:G	0|1	0|1	MATCH	MATCH
chr6:32415331:A:G	0|1	0|1	MATCH	MATCH
chr6:32415479:A:C	0|1	0|1	MATCH	MATCH
chr6:32416944:A:G	0|1	0|1	MATCH	MATCH
chr6:32417622:A:G	0|1	0|1	MATCH	MATCH
chr6:32417637:A:C	0|1	0|1	MATCH	MATCH
chr6:32417676:G:A	0|1	0|1	MATCH	MATCH
chr6:32417973:T:C	0|1	0|1	MATCH	MATCH
chr6:32418694:A:G	0|1	0|1	MATCH	MATCH
chr6:32418842:T:C	0|1	0|1	MATCH	MATCH
chr6:32419187:T:C	0|1	0|1	MATCH	MATCH
chr6:32419596:GGAAA:G	0|1	0|1	MATCH	MATCH
chr6:32420032:T:C	0|1	0|1	MATCH	MATCH
chr6:32420367:C:T	0|1	0|1	MATCH	MATCH
chr6:32420498:C:T	0|1	0|1	MATCH	MATCH
chr6:32420769:T:C	0|1	0|1	MATCH	MATCH
chr6:32427864:T:C	1|0	1|0	MATCH	MATCH
chr6:32429153:G:A	0|1	0|1	MATCH	MATCH
chr6:32431410:C:A	0|1	0|1	MATCH	MATCH
chr6:32433162:G:C	0|1	0|1	MATCH	MATCH
chr6:32435001:T:G	0|1	0|1	MATCH	MATCH
chr6:32435105:G:A	0|1	0|1	MATCH	MATCH
chr6:32437267:G:C	1|0	1|0	MATCH	MATCH
chr6:32438044:T:C	0|1	0|1	MATCH	MATCH
chr6:32438088:A:C	1|0	1|0	MATCH	MATCH
chr6:32440820:G:A	1|0	1|0	MATCH	MATCH
chr6:32441269:G:A	1|0	1|0	MATCH	MATCH
chr6:32441753:G:A	0|1	0|1	MATCH	MATCH
chr6:32452422:C:T	1|0	1|0	MATCH	MATCH
chr6:32459795:C:G	1|0	1|0	MATCH	MATCH
chr6:32460285:C:T	0|1	0|1	MATCH	MATCH
chr6:32460302:C:A	0|1	0|1	MATCH	MATCH
chr6:32460338:G:A	0|1	0|1	MATCH	MATCH
chr6:32460409:G:C	0|1	0|1	MATCH	MATCH
chr6:32460508:C:T	0|1	0|1	MATCH	MATCH
chr6:32460938:G:A	0|1	0|1	MATCH	MATCH
chr6:32460995:A:G	0|1	0|1	MATCH	MATCH
chr6:32461234:C:T	0|1	0|1	MATCH	MATCH
chr6:32461468:C:G	0|1	0|1	MATCH	MATCH
chr6:32461500:A:G	1|0	1|0	MATCH	MATCH
chr6:32461526:G:A	0|1	0|1	MATCH	MATCH
chr6:32461550:C:T	0|1	0|1	MATCH	MATCH
chr6:32461817:A:G	0|1	0|1	MATCH	MATCH
chr6:32461866:T:C	0|1	0|1	MATCH	MATCH
chr6:32461981:T:C	0|1	0|1	MATCH	MATCH
chr6:32462048:C:T	0|1	0|1	MATCH	MATCH
chr6:32462512:A:G	0|1	0|1	MATCH	MATCH
chr6:32462549:T:A	0|1	0|1	MATCH	MATCH
chr6:32463347:G:A	0|1	0|1	MATCH	MATCH
chr6:32463370:A:G	0|1	0|1	MATCH	MATCH
chr6:32463581:T:G	0|1	0|1	MATCH	MATCH
chr6:32463765:C:CCAA	0|1	0|1	MATCH	MATCH
chr6:32463767:A:G,AATG	2|1	2|1	MATCH	MATCH
chr6:32463829:T:A	0|1	0|1	MATCH	MATCH
chr6:32463846:T:C	0|1	0|1	MATCH	MATCH
chr6:32463861:T:A	0|1	0|1	MATCH	MATCH
chr6:32463863:T:A	0|1	0|1	MATCH	MATCH
chr6:32464090:G:T	0|1	0|1	MATCH	MATCH
chr6:32464109:A:G	0|1	0|1	MATCH	MATCH
chr6:32464150:C:T	0|1	0|1	MATCH	MATCH
chr6:32464404:A:G	0|1	0|1	MATCH	MATCH
chr6:32464563:T:C	1|0	1|0	MATCH	MATCH
chr6:32464732:C:A	0|1	0|1	MATCH	MATCH
chr6:32465058:C:T	0|1	0|1	MATCH	MATCH
chr6:32465150:A:T	1|0	1|0	MATCH	MATCH
chr6:32465215:A:AT	0|1	0|1	MATCH	MATCH
chr6:32465290:A:G	0|1	0|1	MATCH	MATCH
chr6:32465390:G:T	0|1	0|1	MATCH	MATCH
chr6:32465415:C:G	0|1	0|1	MATCH	MATCH
chr6:32465513:T:G	0|1	0|1	MATCH	MATCH
chr6:32465877:T:C	0|1	0|1	MATCH	MATCH
chr6:32465924:T:C	0|1	0|1	MATCH	MATCH
chr6:32465964:G:A	0|1	0|1	MATCH	MATCH
chr6:32465969:G:T	0|1	0|1	MATCH	MATCH
chr6:32466021:C:T	0|1	0|1	MATCH	MATCH
chr6:32466130:G:A	0|1	0|1	MATCH	MATCH
chr6:32466234:G:A	0|1	0|1	MATCH	MATCH
chr6:32466353:T:C	0|1	0|1	MATCH	MATCH
chr6:32466358:G:A	0|1	0|1	MATCH	MATCH
chr6:32466372:C:T	0|1	0|1	MATCH	MATCH
chr6:32466463:G:A	0|1	0|1	MATCH	MATCH
chr6:32466572:C:T	0|1	0|1	MATCH	MATCH
chr6:32466584:C:A	0|1	0|1	MATCH	MATCH
chr6:32467073:G:C	0|1	0|1	MATCH	MATCH
chr6:32467267:T:C	0|1	0|1	MATCH	MATCH
chr6:32467561:C:T	0|1	0|1	MATCH	MATCH
chr6:32467765:A:G	0|1	0|1	MATCH	MATCH
chr6:32467771:CG:C	0|1	0|1	MATCH	MATCH
chr6:32467773:G:A	0|1	0|1	MATCH	MATCH
chr6:32467779:A:G	0|1	0|1	MATCH	MATCH
chr6:32467907:T:C	0|1	0|1	MATCH	MATCH
chr6:32467922:C:T	0|1	0|1	MATCH	MATCH
chr6:32468440:C:G,T	2|1	2|1	MATCH	MATCH
chr6:32468463:A:C	0|1	0|1	MATCH	MATCH
chr6:32468473:A:T	0|1	0|1	MATCH	MATCH
chr6:32468768:T:C	0|1	0|1	MATCH	MATCH
chr6:32468903:A:G	0|1	0|1	MATCH	MATCH
chr6:32468910:G:C	0|1	0|1	MATCH	MATCH
chr6:32468956:A:C	0|1	0|1	MATCH	MATCH
chr6:32468961:TCTGTTTTGGTACCAGTACCATG:T	0|1	0|1	MATCH	MATCH
chr6:32469157:A:G	0|1	0|1	MATCH	MATCH
chr6:32469273:A:G	0|1	0|1	MATCH	MATCH
chr6:32469383:T:A	0|1	0|1	MATCH	MATCH
chr6:32469689:A:T	0|1	0|1	MATCH	MATCH
chr6:32469837:G:T	0|1	0|1	MATCH	MATCH
chr6:32470382:C:T	0|1	0|1	MATCH	MATCH
chr6:32470521:A:G	0|1	0|1	MATCH	MATCH
chr6:32470610:C:T	0|1	0|1	MATCH	MATCH
chr6:32470765:T:C	0|1	0|1	MATCH	MATCH
chr6:32470871:C:T	0|1	0|1	MATCH	MATCH
chr6:32471252:T:C	0|1	0|1	MATCH	MATCH
chr6:32471616:A:C	0|1	0|1	MATCH	MATCH
chr6:32472051:G:A	0|1	0|1	MATCH	MATCH
chr6:32472187:G:T	0|1	0|1	MATCH	MATCH
chr6:32472381:A:G	0|1	0|1	MATCH	MATCH
chr6:32472383:T:C	0|1	0|1	MATCH	MATCH
chr6:32472395:T:G	0|1	0|1	MATCH	MATCH
chr6:32472465:G:A	0|1	0|1	MATCH	MATCH
chr6:32472482:A:G	0|1	0|1	MATCH	MATCH
chr6:32472493:A:G	0|1	0|1	MATCH	MATCH
chr6:32472499:C:T	0|1	0|1	MATCH	MATCH
chr6:32472585:C:T	0|1	0|1	MATCH	MATCH
chr6:32472674:G:A	0|1	0|1	MATCH	MATCH
chr6:32472690:T:C	0|1	0|1	MATCH	MATCH
chr6:32472731:G:C	0|1	0|1	MATCH	MATCH
chr6:32473028:C:A	0|1	0|1	MATCH	MATCH
chr6:32473102:C:T	0|1	0|1	MATCH	MATCH
chr6:32473133:T:G	0|1	0|1	MATCH	MATCH
chr6:32473192:G:A	0|1	0|1	MATCH	MATCH
chr6:32473231:C:T	0|1	0|1	MATCH	MATCH
chr6:32473323:A:C	0|1	0|1	MATCH	MATCH
chr6:32473373:C:T	0|1	0|1	MATCH	MATCH
chr6:32473401:A:G	0|1	0|1	MATCH	MATCH
chr6:32473416:A:G	0|1	0|1	MATCH	MATCH
chr6:32473491:G:A	0|1	0|1	MATCH	MATCH
chr6:32473619:G:A	0|1	0|1	MATCH	MATCH
chr6:32473631:C:T	0|1	0|1	MATCH	MATCH
chr6:32473778:A:G	0|1	0|1	MATCH	MATCH
chr6:32473864:A:G	0|1	0|1	MATCH	MATCH
chr6:32473902:A:G	0|1	0|1	MATCH	MATCH
chr6:32474047:A:G	0|1	0|1	MATCH	MATCH
chr6:32474403:T:C	0|1	0|1	MATCH	MATCH
chr6:32475395:C:T	0|1	0|1	MATCH	MATCH
chr6:32475489:T:C	0|1	0|1	MATCH	MATCH
chr6:32475492:A:C	0|1	0|1	MATCH	MATCH
chr6:32475648:A:G	0|1	0|1	MATCH	MATCH
chr6:32475655:C:G	0|1	0|1	MATCH	MATCH
chr6:32475674:G:A	0|1	0|1	MATCH	MATCH
chr6:32475804:A:G	0|1	0|1	MATCH	MATCH
chr6:32475864:G:A	0|1	0|1	MATCH	MATCH
chr6:32475888:T:C	0|1	0|1	MATCH	MATCH
chr6:32476043:G:A	0|1	0|1	MATCH	MATCH
chr6:32476085:T:A	0|1	0|1	MATCH	MATCH
chr6:32476099:C:T	0|1	0|1	MATCH	MATCH
chr6:32476113:T:A	0|1	0|1	MATCH	MATCH
chr6:32476178:A:C	0|1	0|1	MATCH	MATCH
chr6:32476184:A:G	0|1	0|1	MATCH	MATCH
chr6:32476319:C:T	0|1	0|1	MATCH	MATCH
chr6:32476421:G:T	0|1	0|1	MATCH	MATCH
chr6:32476553:A:C	0|1	0|1	MATCH	MATCH
chr6:32476698:T:C	0|1	0|1	MATCH	MATCH
chr6:32476734:G:GAAGGAT	0|1	0|1	MATCH	MATCH
chr6:32476767:C:T	0|1	0|1	MATCH	MATCH
chr6:32476807:C:T	0|1	0|1	MATCH	MATCH
chr6:32476932:A:G	0|1	0|1	MATCH	MATCH
chr6:32476956:TG:T	0|1	0|1	MATCH	MATCH
chr6:32477133:G:A	0|1	0|1	MATCH	MATCH
chr6:32477253:T:C	0|1	0|1	MATCH	MATCH
chr6:32477302:C:T	0|1	0|1	MATCH	MATCH
chr6:32477337:A:G	0|1	0|1	MATCH	MATCH
chr6:32477340:C:T	0|1	0|1	MATCH	MATCH
chr6:32477370:C:T	0|1	0|1	MATCH	MATCH
chr6:32477378:A:C	0|1	0|1	MATCH	MATCH
chr6:32477379:G:A	0|1	0|1	MATCH	MATCH
chr6:32477481:A:G	0|1	0|1	MATCH	MATCH
chr6:32477484:T:C	0|1	0|1	MATCH	MATCH
chr6:32477493:C:T	0|1	0|1	MATCH	MATCH
chr6:32477529:G:A	0|1	0|1	MATCH	MATCH
chr6:32694183:A:T	1|0	1|0	MATCH	MATCH
chr6:32694351:A:G	1|0	1|0	MATCH	MATCH
chr6:32694595:A:G	1|0	1|0	MATCH	MATCH
chr6:32694648:A:G	1|0	1|0	MATCH	MATCH
chr6:32694656:A:G	1|0	1|0	MATCH	MATCH
chr6:32694674:C:T	1|0	1|0	MATCH	MATCH
chr6:32694682:A:G	1|0	1|0	MATCH	MATCH
chr6:32694724:A:T	0|1	0|1	MATCH	MATCH
chr6:32694732:A:T	1|0	1|0	MATCH	MATCH
chr6:32694756:T:C	1|0	1|0	MATCH	MATCH
chr6:32694769:G:C	1|0	1|0	MATCH	MATCH
chr6:32694782:C:A	1|0	1|0	MATCH	MATCH
chr6:32694789:G:C	1|0	1|0	MATCH	MATCH
chr6:32694899:T:C	1|0	1|0	MATCH	MATCH
chr6:32694900:G:A	1|0	1|0	MATCH	MATCH
chr6:32694947:A:C	0|1	0|1	MATCH	MATCH
chr6:32695040:G:A,T	1|2	1|2	MATCH	MATCH
chr6:32695066:G:A	1|0	1|0	MATCH	MATCH
chr6:32695143:G:A	1|0	1|0	MATCH	MATCH
chr6:32695197:C:T	1|0	1|0	MATCH	MATCH
chr6:32695296:C:T	1|0	1|0	MATCH	MATCH
chr6:32695303:A:G	1|0	1|0	MATCH	MATCH
chr6:32695366:T:C	1|0	1|0	MATCH	MATCH
chr6:32695426:A:G	1|0	1|0	MATCH	MATCH
chr6:32695431:A:C	1|0	1|0	MATCH	MATCH
chr6:32695483:G:A	1|0	1|0	MATCH	MATCH
chr6:32695512:C:A	1|0	1|0	MATCH	MATCH
chr6:32695583:G:A	0|1	0|1	MATCH	MATCH
chr6:32695614:A:G	1|0	1|0	MATCH	MATCH
chr6:32695662:C:A	1|0	1|0	MATCH	MATCH
chr6:32695669:G:A	1|0	1|0	MATCH	MATCH
chr6:32695671:G:A	0|1	0|1	MATCH	MATCH
chr6:32695778:G:T	1|0	1|0	MATCH	MATCH
chr6:32695787:A:G	1|0	1|0	MATCH	MATCH
chr6:32695801:C:T	0|1	0|1	MATCH	MATCH
chr6:32695833:C:A	1|0	1|0	MATCH	MATCH
chr6:32695911:T:C	1|0	1|0	MATCH	MATCH
chr6:32695995:T:G	0|1	0|1	MATCH	MATCH
chr6:32696074:C:T	1|0	1|0	MATCH	MATCH
chr6:32696142:A:G	0|1	0|1	MATCH	MATCH
chr6:32696209:C:G	1|0	1|0	MATCH	MATCH
chr6:32696222:G:C	1|0	1|0	MATCH	MATCH
chr6:32696316:T:G	0|1	0|1	MATCH	MATCH
chr6:32696386:A:C	1|0	1|0	MATCH	MATCH
chr6:32696502:C:T	0|1	0|1	MATCH	MATCH
chr6:32696555:T:C	1|0	1|0	MATCH	MATCH
chr6:32696834:T:A,G	1|2	1|2	MATCH	MATCH
chr6:32696898:A:G	1|0	1|0	MATCH	MATCH
chr6:32696900:T:G	0|1	0|1	MATCH	MATCH
chr6:32696945:A:T	1|0	1|0	MATCH	MATCH
chr6:32696983:A:G	0|1	0|1	MATCH	MATCH
chr6:32697183:A:G	1|0	1|0	MATCH	MATCH
chr6:32697194:A:G	1|0	1|0	MATCH	MATCH
chr6:32697390:A:G	1|0	1|0	MATCH	MATCH
chr6:32697820:A:G	0|1	0|1	MATCH	MATCH
chr6:32698036:C:T	0|1	0|1	MATCH	MATCH
chr6:32698379:G:A	1|0	1|0	MATCH	MATCH
chr6:32700323:G:A	0|1	0|1	MATCH	MATCH
chr6:32700334:T:C	1|0	1|0	MATCH	MATCH
chr6:32701109:C:G	1|0	1|0	MATCH	MATCH
chr6:32701527:AT:A	1|0	1|0	MATCH	MATCH
chr6:32702168:C:T	1|0	1|0	MATCH	MATCH
chr6:32702223:G:T	0|1	0|1	MATCH	MATCH
chr6:32703179:C:T	0|1	0|1	MATCH	MATCH
chr6:32704904:C:A	0|1	0|1	MATCH	MATCH
chr6:32705446:C:G	1|0	1|0	MATCH	MATCH
chr6:32705453:C:T	0|1	0|1	MATCH	MATCH
chr6:32705456:A:G	1|0	1|0	MATCH	MATCH
chr6:32705584:G:A	1|0	1|0	MATCH	MATCH
chr6:32705648:A:T	1|0	1|0	MATCH	MATCH
chr6:32705977:C:A	1|0	1|0	MATCH	MATCH
chr6:32706011:C:T	1|0	1|0	MATCH	MATCH
chr6:32706122:C:T	1|0	1|0	MATCH	MATCH
chr6:32706248:A:AG	1|0	1|0	MATCH	MATCH
chr6:32706309:G:A	1|0	1|0	MATCH	MATCH
chr6:32706359:A:G	1|0	1|0	MATCH	MATCH
chr6:32706463:C:T	0|1	0|1	MATCH	MATCH
chr6:32706500:G:A	1|0	1|0	MATCH	MATCH
chr6:32706509:GA:G	0|1	0|1	MATCH	MATCH
chr6:32706519:A:G	0|1	0|1	MATCH	MATCH
chr6:32706536:C:T	1|0	1|0	MATCH	MATCH
chr6:32706552:G:A	1|0	1|0	MATCH	MATCH
chr6:32706603:G:T	1|0	1|0	MATCH	MATCH
chr6:32706608:T:C	1|0	1|0	MATCH	MATCH
chr6:32706623:T:C	1|0	1|0	MATCH	MATCH
chr6:32706663:T:C	0|1	0|1	MATCH	MATCH
chr6:32706665:G:C	0|1	0|1	MATCH	MATCH
chr6:32706781:T:C	0|1	0|1	MATCH	MATCH
chr6:32706840:G:A	0|1	0|1	MATCH	MATCH
chr6:32706948:A:G	0|1	0|1	MATCH	MATCH
chr6:32707088:A:T	1|0	1|0	MATCH	MATCH
chr6:32707353:A:G	1|0	1|0	MATCH	MATCH
chr6:32707804:A:T	0|1	0|1	MATCH	MATCH
chr6:32709620:A:G	0|1	0|1	MATCH	MATCH
chr6:32710244:T:C	0|1	0|1	MATCH	MATCH
chr6:32710996:A:C	1|0	1|0	MATCH	MATCH
chr6:32711955:A:G	1|0	1|0	MATCH	MATCH
chr6:32712781:C:A	1|0	1|0	MATCH	MATCH
chr6:32714062:A:G	0|1	0|1	MATCH	MATCH
chr6:32714617:T:G	0|1	0|1	MATCH	MATCH
chr6:32714625:C:T	0|1	0|1	MATCH	MATCH
chr6:32714887:C:T	1|0	1|0	MATCH	MATCH
chr6:32715190:CA:C	1|0	1|0	MATCH	MATCH
chr6:32715724:T:C	0|1	0|1	MATCH	MATCH
chr6:32715787:A:T	1|0	1|0	MATCH	MATCH
chr6:32716043:C:T	1|0	1|0	MATCH	MATCH
chr6:32716928:G:A	0|1	0|1	MATCH	MATCH
chr6:32716983:C:T	1|0	1|0	MATCH	MATCH
chr6:32717054:A:T	1|0	1|0	MATCH	MATCH
chr6:32717463:C:G	1|0	1|0	MATCH	MATCH
chr6:32717567:T:C	1|0	1|0	MATCH	MATCH
chr6:32717603:G:A	0|1	0|1	MATCH	MATCH
chr6:32717872:G:A	1|0	1|0	MATCH	MATCH
chr6:32718045:G:C	1|0	1|0	MATCH	MATCH
chr6:32718117:G:C	0|1	0|1	MATCH	MATCH
chr6:32718141:A:G	1|0	1|0	MATCH	MATCH
chr6:32718190:G:A	1|0	1|0	MATCH	MATCH
chr6:32718222:A:T	0|1	0|1	MATCH	MATCH
chr6:32718307:G:A	0|1	0|1	MATCH	MATCH
chr6:32718419:C:A	1|0	1|0	MATCH	MATCH
chr6:32718471:T:C	1|0	1|0	MATCH	MATCH
chr6:32718487:A:G	0|1	0|1	MATCH	MATCH
chr6:32718489:G:A	0|1	0|1	MATCH	MATCH
chr6:32718508:T:C	0|1	0|1	MATCH	MATCH
chr6:32718547:T:G	0|1	0|1	MATCH	MATCH
chr6:32718603:C:G	1|0	1|0	MATCH	MATCH
chr6:32718671:C:T	0|1	0|1	MATCH	MATCH
chr6:32718685:A:G	0|1	0|1	MATCH	MATCH
chr6:32718702:G:A	0|1	0|1	MATCH	MATCH
chr6:32718709:G:A	0|1	0|1	MATCH	MATCH
chr6:32718710:A:G	0|1	0|1	MATCH	MATCH
chr6:32718748:A:G	0|1	0|1	MATCH	MATCH
chr6:32718796:T:TAAGA	0|1	0|1	MATCH	MATCH
chr6:32718819:A:G	0|1	0|1	MATCH	MATCH
chr6:32718833:G:A	0|1	0|1	MATCH	MATCH
chr6:32718838:A:G	0|1	0|1	MATCH	MATCH
chr6:32718846:G:C	0|1	0|1	MATCH	MATCH
chr6:32718850:C:T	1|0	1|0	MATCH	MATCH
chr6:32718899:G:A	1|0	1|0	MATCH	MATCH
chr6:32718911:G:A	0|1	0|1	MATCH	MATCH
chr6:32718961:G:A	0|1	0|1	MATCH	MATCH
chr6:32719005:C:T	0|1	0|1	MATCH	MATCH
chr6:32719029:C:T	1|0	1|0	MATCH	MATCH
chr6:32719069:T:C	0|1	0|1	MATCH	MATCH
chr6:32719070:G:A	0|1	0|1	MATCH	MATCH
chr6:32719111:A:T	0|1	0|1	MATCH	MATCH
chr6:32719207:A:C	0|1	0|1	MATCH	MATCH
chr6:32719280:G:C	0|1	0|1	MATCH	MATCH
chr6:32719289:A:C	0|1	0|1	MATCH	MATCH
chr6:32719441:C:T	1|0	1|0	MATCH	MATCH
chr6:32719520:A:G	1|0	1|0	MATCH	MATCH
chr6:32719552:G:A	0|1	0|1	MATCH	MATCH
chr6:32719644:T:C	0|1	0|1	MATCH	MATCH
chr6:32719793:G:A	1|0	1|0	MATCH	MATCH
chr6:32719810:A:G	1|0	1|0	MATCH	MATCH
chr6:32719832:A:AT	1|0	1|0	MATCH	MATCH
chr6:32719943:G:A	1|0	1|0	MATCH	MATCH
chr6:32720102:T:C	0|1	0|1	MATCH	MATCH
chr6:32720103:G:T	0|1	0|1	MATCH	MATCH
chr6:32720113:A:G	0|1	0|1	MATCH	MATCH
chr6:32720127:A:G	1|0	1|0	MATCH	MATCH
chr6:32720196:A:G	1|0	1|0	MATCH	MATCH
chr6:32720217:G:GA	0|1	0|1	MATCH	MATCH
chr6:32720244:T:G	1|0	1|0	MATCH	MATCH
chr6:32720323:G:T	1|0	1|0	MATCH	MATCH
chr6:32720443:T:G	0|1	0|1	MATCH	MATCH
chr6:32720451:T:C	1|0	1|0	MATCH	MATCH
chr6:32720536:G:A	0|1	0|1	MATCH	MATCH
chr6:32720706:C:A	1|0	1|0	MATCH	MATCH
chr6:32720861:T:C	1|0	1|0	MATCH	MATCH
chr6:32720975:C:T	1|0	1|0	MATCH	MATCH
chr6:32720976:G:A	0|1	0|1	MATCH	MATCH
chr6:32721010:C:A	1|0	1|0	MATCH	MATCH
chr6:32721062:C:T	1|0	1|0	MATCH	MATCH
chr6:32721095:G:A	1|0	1|0	MATCH	MATCH
chr6:32721290:T:C	0|1	0|1	MATCH	MATCH
chr6:32721414:G:A	0|1	0|1	MATCH	MATCH
chr6:32721500:T:C	0|1	0|1	MATCH	MATCH
chr6:32721512:C:T	1|0	1|0	MATCH	MATCH
chr6:32721654:T:C	1|0	1|0	MATCH	MATCH
chr6:32721655:G:A	1|0	1|0	MATCH	MATCH
chr6:32721752:T:C	0|1	0|1	MATCH	MATCH
chr6:32722009:T:C	1|0	1|0	MATCH	MATCH
chr6:32722161:T:A	1|0	1|0	MATCH	MATCH
chr6:32722163:T:A	0|1	0|1	MATCH	MATCH
chr6:32722169:G:A	1|0	1|0	MATCH	MATCH
chr6:32722224:C:T	0|1	0|1	MATCH	MATCH
chr6:32722301:A:C	1|0	1|0	MATCH	MATCH
chr6:32722539:A:C	0|1	0|1	MATCH	MATCH
chr6:32722543:G:C	1|0	1|0	MATCH	MATCH
chr6:32722555:A:T	1|0	1|0	MATCH	MATCH
chr6:32722760:AAT:A	0|1	0|1	MATCH	MATCH
chr6:32722766:AG:A	0|1	0|1	MATCH	MATCH
chr6:32722816:G:A	0|1	0|1	MATCH	MATCH
chr6:32722880:T:C	1|0	1|0	MATCH	MATCH
chr6:32722889:T:TGG	1|0	1|0	MATCH	MATCH
chr6:32723007:T:C	1|0	1|0	MATCH	MATCH
chr6:32723073:T:C	1|0	1|0	MATCH	MATCH
chr6:32723325:T:C	0|1	0|1	MATCH	MATCH
chr6:32723356:G:C	0|1	0|1	MATCH	MATCH
chr6:32723390:C:T	0|1	0|1	MATCH	MATCH
chr6:32723396:C:T	1|0	1|0	MATCH	MATCH
chr6:32723515:T:C	0|1	0|1	MATCH	MATCH
chr6:32723567:T:C	0|1	0|1	MATCH	MATCH
chr6:32723568:A:G	1|0	1|0	MATCH	MATCH
chr6:32723691:C:T	0|1	0|1	MATCH	MATCH
chr6:32723722:T:G	0|1	0|1	MATCH	MATCH
chr6:32723763:G:A	0|1	0|1	MATCH	MATCH
chr6:32723814:A:G	0|1	0|1	MATCH	MATCH
chr6:32723932:T:A	0|1	0|1	MATCH	MATCH
chr6:32723968:C:T	1|0	1|0	MATCH	MATCH
chr6:32724081:GA:G	0|1	0|1	MATCH	MATCH
chr6:32724160:A:G	1|0	1|0	MATCH	MATCH
chr6:32724167:G:A	0|1	0|1	MATCH	MATCH
chr6:32724307:C:T	0|1	0|1	MATCH	MATCH
chr6:32724317:T:A	1|0	1|0	MATCH	MATCH
chr6:32724450:T:G	0|1	0|1	MATCH	MATCH
chr6:32724522:T:C,G	1|2	1|2	MATCH	MATCH
chr6:32724572:T:C	0|1	0|1	MATCH	MATCH
chr6:32724614:A:G	1|0	1|0	MATCH	MATCH
chr6:32724958:A:C,T	2|1	2|1	MATCH	MATCH
chr6:32725035:T:C	0|1	0|1	MATCH	MATCH
chr6:32725156:G:A	1|0	1|0	MATCH	MATCH
chr6:32725176:T:C	0|1	0|1	MATCH	MATCH
chr6:32725264:G:A	0|1	0|1	MATCH	MATCH
chr6:32725308:A:G	1|0	1|0	MATCH	MATCH
chr6:32725352:C:T	0|1	0|1	MATCH	MATCH
chr6:32725465:A:G	0|1	0|1	MATCH	MATCH
chr6:32725517:G:A	1|0	1|0	MATCH	MATCH
chr6:32725544:G:GAA	0|1	0|1	MATCH	MATCH
chr6:32725705:C:A	1|0	1|0	MATCH	MATCH
chr6:32725838:T:C	1|0	1|0	MATCH	MATCH
chr6:32726067:G:A	0|1	0|1	MATCH	MATCH
chr6:32726200:C:T,*	2|1	2|1	MATCH	MATCH
chr6:32726208:T:C,*	2|1	2|1	MATCH	MATCH
chr6:32726213:ACG:A,*	2|1	2|1	MATCH	MATCH
chr6:32726224:T:C,*	2|1	2|1	MATCH	MATCH
chr6:32726291:A:G	1|0	1|0	MATCH	MATCH
chr6:32726311:ACAG:A	0|1	0|1	MATCH	MATCH
chr6:32726434:T:A	1|0	1|0	MATCH	MATCH
chr6:32726542:A:G	0|1	0|1	MATCH	MATCH
chr6:32726624:T:C	1|0	1|0	MATCH	MATCH
chr6:32726643:A:T	0|1	0|1	MATCH	MATCH
chr6:32726695:T:G	0|1	0|1	MATCH	MATCH
chr6:32726911:G:A	0|1	0|1	MATCH	MATCH
chr6:32727159:CTAAT:C	1|0	1|0	MATCH	MATCH
chr6:32727435:T:C	1|0	1|0	MATCH	MATCH
chr6:32727459:G:T	0|1	0|1	MATCH	MATCH
chr6:32727728:A:T	1|0	1|0	MATCH	MATCH
chr6:32727905:C:T	0|1	0|1	MATCH	MATCH
chr6:32728021:T:C	1|0	1|0	MATCH	MATCH
chr6:32728041:C:T	1|0	1|0	MATCH	MATCH
chr6:32728107:A:G	0|1	0|1	MATCH	MATCH
chr6:32728639:T:C	0|1	0|1	MATCH	MATCH
chr6:32728666:G:A	1|0	1|0	MATCH	MATCH
chr6:32728889:C:A	1|0	1|0	MATCH	MATCH
chr6:32728919:A:C	1|0	1|0	MATCH	MATCH
chr6:32728977:A:G	1|0	1|0	MATCH	MATCH
chr6:32729058:A:G	0|1	0|1	MATCH	MATCH
chr6:32729117:A:G	1|0	1|0	MATCH	MATCH
chr6:32729136:A:G	0|1	0|1	MATCH	MATCH
chr6:32729186:CT:C	1|0	1|0	MATCH	MATCH
chr6:32729260:C:T	1|0	1|0	MATCH	MATCH
chr6:32729383:A:C	1|0	1|0	MATCH	MATCH
chr6:32729431:A:G	0|1	0|1	MATCH	MATCH
chr6:32729440:C:T	0|1	0|1	MATCH	MATCH
chr6:32729563:A:G	0|1	0|1	MATCH	MATCH
chr6:32729628:T:C	0|1	0|1	MATCH	MATCH
chr6:32729687:CA:C	0|1	0|1	MATCH	MATCH
chr6:32729829:T:C	1|0	1|0	MATCH	MATCH
chr6:32729913:T:G	0|1	0|1	MATCH	MATCH
chr6:32729978:A:G	1|0	1|0	MATCH	MATCH
chr6:32730008:C:G	0|1	0|1	MATCH	MATCH
chr6:32730116:G:T	1|0	1|0	MATCH	MATCH
chr6:32730236:C:T	0|1	0|1	MATCH	MATCH
chr6:32730267:T:C	0|1	0|1	MATCH	MATCH
chr6:32730379:C:T	1|0	1|0	MATCH	MATCH
chr6:32730430:A:G	0|1	0|1	MATCH	MATCH
chr6:32730435:C:A	0|1	0|1	MATCH	MATCH
chr6:32730583:CTCTCAGTGT:C	1|0	1|0	MATCH	MATCH
chr6:32730589:G:A,*	2|1	2|1	MATCH	MATCH
chr6:32730592:T:C,*	2|1	2|1	MATCH	MATCH
chr6:32730691:C:T	1|0	1|0	MATCH	MATCH
chr6:32730793:G:A	0|1	0|1	MATCH	MATCH
chr6:32731013:A:G	1|0	1|0	MATCH	MATCH
chr6:32731141:A:G	1|0	1|0	MATCH	MATCH
chr6:32731170:G:C	1|0	1|0	MATCH	MATCH
chr6:32731211:C:A	0|1	0|1	MATCH	MATCH
chr6:32731220:T:G	1|0	1|0	MATCH	MATCH
chr6:32731439:G:A	0|1	0|1	MATCH	MATCH
chr6:32731485:T:C	1|0	1|0	MATCH	MATCH
chr6:32731497:A:AT	1|0	1|0	MATCH	MATCH
chr6:32731573:C:T	1|0	1|0	MATCH	MATCH
chr6:32731660:C:A	1|0	1|0	MATCH	MATCH
chr6:32731665:T:C	0|1	0|1	MATCH	MATCH
chr6:32731702:G:C	0|1	0|1	MATCH	MATCH
chr6:32731810:T:C	0|1	0|1	MATCH	MATCH
chr6:32731853:A:AGTATTAAGTAG	0|1	0|1	MATCH	MATCH
chr6:32731856:T:A	1|0	1|0	MATCH	MATCH
chr6:32731885:T:G	1|0	1|0	MATCH	MATCH
chr6:32731914:C:A	0|1	0|1	MATCH	MATCH
chr6:32732005:C:T	0|1	0|1	MATCH	MATCH
chr6:32732080:A:G	0|1	0|1	MATCH	MATCH
chr6:32732306:A:C	1|0	1|0	MATCH	MATCH
chr6:32732334:CCT:C	0|1	0|1	MATCH	MATCH
chr6:32732432:A:T	0|1	0|1	MATCH	MATCH
chr6:32732574:G:GAT	1|0	1|0	MATCH	MATCH
chr6:32732738:AATCATG:A	0|1	0|1	MATCH	MATCH
chr6:32732752:TG:T	0|1	0|1	MATCH	MATCH
chr6:32732757:A:C	0|1	0|1	MATCH	MATCH
chr6:32732984:T:C	1|0	1|0	MATCH	MATCH
chr6:32733022:A:T	0|1	0|1	MATCH	MATCH
chr6:32733056:G:A	1|0	1|0	MATCH	MATCH
chr6:32733071:A:T	0|1	0|1	MATCH	MATCH
chr6:32733349:T:C	0|1	0|1	MATCH	MATCH
chr6:32733412:A:C	1|0	1|0	MATCH	MATCH
chr6:32733475:G:C	0|1	0|1	MATCH	MATCH
chr6:32733518:C:T	1|0	1|0	MATCH	MATCH
chr6:32733561:C:G	1|0	1|0	MATCH	MATCH
chr6:32733595:C:A	1|0	1|0	MATCH	MATCH
chr6:32733667:G:A	1|0	1|0	MATCH	MATCH
chr6:32733930:T:A	0|1	0|1	MATCH	MATCH
chr6:32734062:T:C	0|1	0|1	MATCH	MATCH
chr6:32734264:A:T	1|0	1|0	MATCH	MATCH
chr6:32734331:A:G	1|0	1|0	MATCH	MATCH
chr6:32734489:A:G	0|1	0|1	MATCH	MATCH
chr6:32734500:C:A	0|1	0|1	MATCH	MATCH
chr6:32734604:T:G	1|0	1|0	MATCH	MATCH
chr6:32734672:A:G	1|0	1|0	MATCH	MATCH
chr6:32734809:T:A	1|0	1|0	MATCH	MATCH
chr6:32734856:G:C	1|0	1|0	MATCH	MATCH
chr6:32734935:ATATAT:A	0|1	0|1	MATCH	MATCH
chr6:32735021:T:G	1|0	1|0	MATCH	MATCH
chr6:32735023:G:T	0|1	0|1	MATCH	MATCH
chr6:32735087:A:G	1|0	1|0	MATCH	MATCH
chr6:32735454:GT:G	1|0	1|0	MATCH	MATCH
chr6:32735536:G:A	0|1	0|1	MATCH	MATCH
chr6:32735589:T:C	0|1	0|1	MATCH	MATCH
chr6:32735692:G:GA	0|1	0|1	MATCH	MATCH
chr6:32735804:C:T	0|1	0|1	MATCH	MATCH
chr6:32735812:C:A	1|0	1|0	MATCH	MATCH
chr6:32736581:C:T	0|1	0|1	MATCH	MATCH
chr6:32736585:C:T	1|0	1|0	MATCH	MATCH
chr6:32736637:G:T	0|1	0|1	MATCH	MATCH
chr6:32736797:C:A	0|1	0|1	MATCH	MATCH
chr6:32736840:C:T	0|1	0|1	MATCH	MATCH
chr6:32736853:A:G	0|1	0|1	MATCH	MATCH
chr6:32736882:T:C	0|1	0|1	MATCH	MATCH
chr6:32736900:C:G	0|1	0|1	MATCH	MATCH
chr6:32736929:G:A	1|0	1|0	MATCH	MATCH
chr6:32737004:A:G	0|1	0|1	MATCH	MATCH
chr6:32737009:G:T	1|0	1|0	MATCH	MATCH
chr6:32737166:A:G	0|1	0|1	MATCH	MATCH
chr6:32737200:C:T	0|1	0|1	MATCH	MATCH
chr6:32737246:G:A	0|1	0|1	MATCH	MATCH
chr6:32737327:C:T	0|1	0|1	MATCH	MATCH
chr6:32737350:T:G	0|1	0|1	MATCH	MATCH
chr6:32737374:C:CAT	0|1	0|1	MATCH	MATCH
chr6:32737416:T:C	0|1	0|1	MATCH	MATCH
chr6:32737433:G:T	1|0	1|0	MATCH	MATCH
chr6:32737441:G:A	1|0	1|0	MATCH	MATCH
chr6:32737471:T:C	0|1	0|1	MATCH	MATCH
chr6:32737499:C:T	0|1	0|1	MATCH	MATCH
chr6:32737512:C:T	0|1	0|1	MATCH	MATCH
chr6:32737518:T:A	0|1	0|1	MATCH	MATCH
chr6:32737624:A:T	1|0	1|0	MATCH	MATCH
chr6:32737637:G:A	0|1	0|1	MATCH	MATCH
chr6:32737645:T:C	0|1	0|1	MATCH	MATCH
chr6:32737682:A:G	0|1	0|1	MATCH	MATCH
chr6:32737718:C:T	0|1	0|1	MATCH	MATCH
chr6:32737923:G:A	1|0	1|0	MATCH	MATCH
chr6:32737990:A:T	0|1	0|1	MATCH	MATCH
chr6:32738020:A:C	0|1	0|1	MATCH	MATCH
chr6:32738030:T:C	0|1	0|1	MATCH	MATCH
chr6:32738076:CAAGACAA:C	0|1	0|1	MATCH	MATCH
chr6:32738085:AG:A	1|0	1|0	MATCH	MATCH
chr6:32738204:G:A	0|1	0|1	MATCH	MATCH
chr6:32738250:G:A	1|0	1|0	MATCH	MATCH
chr6:32738265:A:G	0|1	0|1	MATCH	MATCH
chr6:32738351:C:T	0|1	0|1	MATCH	MATCH
chr6:32738432:A:G	1|0	1|0	MATCH	MATCH
chr6:32738621:A:C	0|1	0|1	MATCH	MATCH
chr6:32738639:C:A	1|0	1|0	MATCH	MATCH
chr6:32738718:T:A	0|1	0|1	MATCH	MATCH
chr6:32738782:T:G	1|0	1|0	MATCH	MATCH
chr6:32738942:T:C	0|1	0|1	MATCH	MATCH
chr6:32738948:A:G	1|0	1|0	MATCH	MATCH
chr6:32739022:T:C	0|1	0|1	MATCH	MATCH
chr6:32739159:G:A	1|0	1|0	MATCH	MATCH
chr6:32739160:G:C	0|1	0|1	MATCH	MATCH
chr6:32739173:C:G	0|1	0|1	MATCH	MATCH
chr6:32739177:T:C	0|1	0|1	MATCH	MATCH
chr6:32739182:G:A	0|1	0|1	MATCH	MATCH
chr6:32739196:T:C	0|1	0|1	MATCH	MATCH
chr6:32739197:G:A	0|1	0|1	MATCH	MATCH
chr6:32739241:T:C	0|1	0|1	MATCH	MATCH
chr6:32739246:T:C	1|0	1|0	MATCH	MATCH
chr6:32739263:G:A	1|0	1|0	MATCH	MATCH
chr6:32739505:A:G	0|1	0|1	MATCH	MATCH
chr6:32739518:G:T	0|1	0|1	MATCH	MATCH
chr6:32739575:A:AT	1|0	1|0	MATCH	MATCH
chr6:32739623:G:A	1|0	1|0	MATCH	MATCH
chr6:32739774:A:G	0|1	0|1	MATCH	MATCH
chr6:32739781:G:A	0|1	0|1	MATCH	MATCH
chr6:32739788:C:T	0|1	0|1	MATCH	MATCH
chr6:32739789:A:G	0|1	0|1	MATCH	MATCH
chr6:32739808:G:A	1|0	1|0	MATCH	MATCH
chr6:32739859:C:A	0|1	0|1	MATCH	MATCH
chr6:32739929:C:T	1|0	1|0	MATCH	MATCH
chr6:32740029:T:C	0|1	0|1	MATCH	MATCH
chr6:32740076:G:C	1|0	1|0	MATCH	MATCH
chr6:32740110:T:G	0|1	0|1	MATCH	MATCH
chr6:32740286:A:T	0|1	0|1	MATCH	MATCH
chr6:32740297:C:T	1|0	1|0	MATCH	MATCH
chr6:32740347:A:G	1|0	1|0	MATCH	MATCH
chr6:32740368:G:A	0|1	0|1	MATCH	MATCH
chr6:32740494:G:GAACGC	1|0	1|0	MATCH	MATCH
chr6:32740507:A:G	1|0	1|0	MATCH	MATCH
chr6:32740521:G:A	0|1	0|1	MATCH	MATCH
chr6:32740734:CTG:C	1|0	1|0	MATCH	MATCH
chr6:32741427:G:C	1|0	1|0	MATCH	MATCH
chr6:32745241:C:T	1|0	1|0	MATCH	MATCH
chr6:32746290:G:A	1|0	1|0	MATCH	MATCH
chr6:32748248:T:TTTTA	0|1	0|1	MATCH	MATCH
chr6:32750798:C:G	1|0	1|0	MATCH	MATCH
chr6:32754715:G:T	1|0	1|0	MATCH	MATCH
chr6:32755075:A:G	1|0	1|0	MATCH	MATCH
chr6:32755729:A:G	1|0	1|0	MATCH	MATCH
chr6:32755888:C:T	1|0	1|0	MATCH	MATCH
chr6:32757541:G:T	1|0	1|0	MATCH	MATCH
chr6:32763163:C:A	0|1	0|1	MATCH	MATCH
chr6:32764900:A:T	0|1	0|1	MATCH	MATCH
chr6:32765254:CTT:C	0|1	0|1	MATCH	MATCH
chr6:32766726:T:C	1|0	1|0	MATCH	MATCH
chr6:32767868:T:C	0|1	0|1	MATCH	MATCH
chr6:32768228:C:T	0|1	0|1	MATCH	MATCH
chr6:32769730:G:A	0|1	0|1	MATCH	MATCH
chr6:32772111:T:C	1|0	1|0	MATCH	MATCH
chr6:32774684:C:T	1|0	1|0	MATCH	MATCH
chr6:32774985:T:C	1|0	1|0	MATCH	MATCH
chr6:32775620:C:CTGGCCCCAAATTTA	0|1	0|1	MATCH	MATCH
chr6:32775718:C:T	1|0	1|0	MATCH	MATCH
chr6:32776663:T:C	0|1	0|1	MATCH	MATCH
chr6:32777030:C:T	0|1	0|1	MATCH	MATCH
chr6:32778401:T:G	1|0	1|0	MATCH	MATCH
chr6:32778891:G:A	1|0	1|0	MATCH	MATCH
chr6:32779120:A:G	0|1	0|1	MATCH	MATCH
chr6:32780684:G:C	0|1	0|1	MATCH	MATCH
chr6:32782587:A:G	0|1	0|1	MATCH	MATCH
chr6:32782798:T:C	1|0	1|0	MATCH	MATCH
chr6:32786549:T:G	1|0	1|0	MATCH	MATCH
chr6:32789325:T:C	1|0	1|0	MATCH	MATCH
chr6:32792825:T:G	0|1	0|1	MATCH	MATCH
chr6:32793729:C:T	1|0	1|0	MATCH	MATCH
chr6:32796972:T:C	0|1	0|1	MATCH	MATCH
chr6:32799191:G:A	0|1	0|1	MATCH	MATCH
chr6:32799843:T:C	1|0	1|0	MATCH	MATCH
chr6:32800206:G:A	0|1	0|1	MATCH	MATCH
chr6:32803367:C:T	0|1	0|1	MATCH	MATCH
chr6:32803619:T:C	1|0	1|0	MATCH	MATCH
chr6:32805079:A:C	0|1	0|1	MATCH	MATCH
chr6:32805971:C:A	1|0	1|0	MATCH	MATCH
chr6:32806497:G:A	1|0	1|0	MATCH	MATCH
chr6:32807476:G:A	0|1	0|1	MATCH	MATCH
chr6:32808813:G:C	1|0	1|0	MATCH	MATCH
chr6:32809558:A:G	0|1	0|1	MATCH	MATCH
chr6:32809668:CAT:C	1|0	1|0	MATCH	MATCH
chr6:32812339:CAG:C	1|0	1|0	MATCH	MATCH
chr6:32812569:C:A	0|1	0|1	MATCH	MATCH
chr6:32813999:C:A	1|0	1|0	MATCH	MATCH
chr6:32814828:C:T	1|0	1|0	MATCH	MATCH
chr6:32815309:A:G	0|1	0|1	MATCH	MATCH
chr6:32815628:C:T	1|0	1|0	MATCH	MATCH
chr6:32816119:G:A	1|0	1|0	MATCH	MATCH
chr6:32816899:C:T	1|0	1|0	MATCH	MATCH
chr6:32818064:C:T	1|0	1|0	MATCH	MATCH
chr6:32819056:C:G	1|0	1|0	MATCH	MATCH
chr6:32819259:C:A	1|0	1|0	MATCH	MATCH
chr6:32819398:G:C	1|0	1|0	MATCH	MATCH
chr6:32819815:G:A	1|0	1|0	MATCH	MATCH
chr6:32820360:T:C	1|0	1|0	MATCH	MATCH
chr6:32820672:C:G	1|0	1|0	MATCH	MATCH
chr6:32820734:T:C	1|0	1|0	MATCH	MATCH
chr6:32820930:A:G	1|0	1|0	MATCH	MATCH
chr6:32821101:C:A	1|0	1|0	MATCH	MATCH
chr6:32821210:A:C	1|0	1|0	MATCH	MATCH
chr6:32821211:G:GTCA	1|0	1|0	MATCH	MATCH
chr6:32821391:T:C	1|0	1|0	MATCH	MATCH
chr6:32821925:G:A	1|0	1|0	MATCH	MATCH
chr6:32821965:T:C	1|0	1|0	MATCH	MATCH
chr6:32822030:C:T	1|0	1|0	MATCH	MATCH
chr6:32822178:C:T	1|0	1|0	MATCH	MATCH
chr6:32822312:G:A	1|0	1|0	MATCH	MATCH
chr6:32822496:A:T	1|0	1|0	MATCH	MATCH
chr6:32822627:A:ACTC	1|0	1|0	MATCH	MATCH
chr6:32822661:T:C	1|0	1|0	MATCH	MATCH
chr6:32822721:C:T	1|0	1|0	MATCH	MATCH
chr6:32822853:T:C	1|0	1|0	MATCH	MATCH
chr6:32823022:C:T	1|0	1|0	MATCH	MATCH
chr6:32823023:A:G	1|0	1|0	MATCH	MATCH
chr6:32823362:C:T	1|0	1|0	MATCH	MATCH
chr6:32823401:TTA:T	1|0	1|0	MATCH	MATCH
chr6:32823514:T:C	1|0	1|0	MATCH	MATCH
chr6:32823522:C:A	1|0	1|0	MATCH	MATCH
chr6:32823536:T:C	1|0	1|0	MATCH	MATCH
chr6:32823594:T:G	1|0	1|0	MATCH	MATCH
chr6:32823766:G:GTATT	1|0	1|0	MATCH	MATCH
chr6:32823811:A:T	1|0	1|0	MATCH	MATCH
chr6:32823886:C:A	1|0	1|0	MATCH	MATCH
chr6:32823974:C:CTTTGTG	1|0	1|0	MATCH	MATCH
chr6:32823997:G:C	1|0	1|0	MATCH	MATCH
chr6:32824054:T:C	1|0	1|0	MATCH	MATCH
chr6:32824152:C:G	1|0	1|0	MATCH	MATCH
chr6:32824161:T:C	1|0	1|0	MATCH	MATCH
chr6:32824315:T:C	1|0	1|0	MATCH	MATCH
chr6:32824385:T:G	1|0	1|0	MATCH	MATCH
chr6:32824506:T:C	1|0	1|0	MATCH	MATCH
chr6:32824807:GCTTTAA:G	1|0	1|0	MATCH	MATCH
chr6:32824839:C:T	1|0	1|0	MATCH	MATCH
chr6:32825576:A:C	1|0	1|0	MATCH	MATCH
chr6:32825646:C:T	1|0	1|0	MATCH	MATCH
chr6:32825679:C:A	1|0	1|0	MATCH	MATCH
chr6:32825712:A:AT	1|0	1|0	MATCH	MATCH
chr6:32825746:G:A	1|0	1|0	MATCH	MATCH
chr6:32825769:T:C	1|0	1|0	MATCH	MATCH
chr6:32825864:C:G	1|0	1|0	MATCH	MATCH
chr6:32825929:G:T	1|0	1|0	MATCH	MATCH
chr6:32825994:AGTC:A	1|0	1|0	MATCH	MATCH
chr6:32826180:T:C	1|0	1|0	MATCH	MATCH
chr6:32826181:G:A	1|0	1|0	MATCH	MATCH
chr6:32826193:C:T	1|0	1|0	MATCH	MATCH
chr6:32826342:T:G	1|0	1|0	MATCH	MATCH
chr6:32826448:TG:T	1|0	1|0	MATCH	MATCH
chr6:32826809:A:G	1|0	1|0	MATCH	MATCH
chr6:32826997:G:A	1|0	1|0	MATCH	MATCH
chr6:32827022:A:C	1|0	1|0	MATCH	MATCH
chr6:32827053:C:G	1|0	1|0	MATCH	MATCH
chr6:32827130:A:G	1|0	1|0	MATCH	MATCH
chr6:32827170:C:G	1|0	1|0	MATCH	MATCH
chr6:32827185:A:G	1|0	1|0	MATCH	MATCH
chr6:32827192:T:C	1|0	1|0	MATCH	MATCH
chr6:32829711:C:T	0|1	0|1	MATCH	MATCH
chr6:32830506:T:C	0|1	0|1	MATCH	MATCH
chr6:32830573:A:C	0|1	0|1	MATCH	MATCH
chr6:32830680:C:T	0|1	0|1	MATCH	MATCH
chr6:32830681:C:T	0|1	0|1	MATCH	MATCH
chr6:32830705:C:T	0|1	0|1	MATCH	MATCH
chr6:32830832:G:C	0|1	0|1	MATCH	MATCH
chr6:32830845:A:C	0|1	0|1	MATCH	MATCH
chr6:32830868:C:T	0|1	0|1	MATCH	MATCH
chr6:32830869:A:G	0|1	0|1	MATCH	MATCH
chr6:32830934:T:C	0|1	0|1	MATCH	MATCH
chr6:32830954:C:T	0|1	0|1	MATCH	MATCH
chr6:32831000:A:G	0|1	0|1	MATCH	MATCH
chr6:32831018:C:A	0|1	0|1	MATCH	MATCH
chr6:32831280:T:C	0|1	0|1	MATCH	MATCH
chr6:32831508:A:G	0|1	0|1	MATCH	MATCH
chr6:32831679:C:A	0|1	0|1	MATCH	MATCH
chr6:32831908:C:G	0|1	0|1	MATCH	MATCH
chr6:32832146:T:C	1|0	1|0	MATCH	MATCH
chr6:32832466:A:G	0|1	0|1	MATCH	MATCH
chr6:32832473:GAAGA:G	0|1	0|1	MATCH	MATCH
chr6:32832514:C:G	0|1	0|1	MATCH	MATCH
chr6:32832635:C:T	1|0	1|0	MATCH	MATCH
chr6:32832650:C:T	0|1	0|1	MATCH	MATCH
chr6:32832978:G:C	0|1	0|1	MATCH	MATCH
chr6:32833446:T:TA	0|1	0|1	MATCH	MATCH
chr6:32833811:T:C	0|1	0|1	MATCH	MATCH
chr6:32833843:C:G	0|1	0|1	MATCH	MATCH
chr6:32833970:T:TG	0|1	0|1	MATCH	MATCH
chr6:32834168:T:C	0|1	0|1	MATCH	MATCH
chr6:32834426:G:T	0|1	0|1	MATCH	MATCH
chr6:32834576:A:G	0|1	0|1	MATCH	MATCH
chr6:32834880:C:T	0|1	0|1	MATCH	MATCH
chr6:32834912:T:C	0|1	0|1	MATCH	MATCH
chr6:32834963:T:C	0|1	0|1	MATCH	MATCH
chr6:32835043:T:C	0|1	0|1	MATCH	MATCH
chr6:32835387:A:G	0|1	0|1	MATCH	MATCH
chr6:32835463:A:C	0|1	0|1	MATCH	MATCH
chr6:32835511:T:A	0|1	0|1	MATCH	MATCH
chr6:32835541:T:C	0|1	0|1	MATCH	MATCH
chr6:32835724:G:T	0|1	0|1	MATCH	MATCH
chr6:32835874:A:G	0|1	0|1	MATCH	MATCH
chr6:32836063:A:G	0|1	0|1	MATCH	MATCH
chr6:32836069:A:G	0|1	0|1	MATCH	MATCH
chr6:32836099:G:A	0|1	0|1	MATCH	MATCH
chr6:32836124:A:G	0|1	0|1	MATCH	MATCH
chr6:32836184:T:C	0|1	0|1	MATCH	MATCH
chr6:32836190:A:G	0|1	0|1	MATCH	MATCH
chr6:32836208:A:G	0|1	0|1	MATCH	MATCH
chr6:32836234:A:G	0|1	0|1	MATCH	MATCH
chr6:32836330:T:G	0|1	0|1	MATCH	MATCH
chr6:32836339:C:T	0|1	0|1	MATCH	MATCH
chr6:32836440:G:A	0|1	0|1	MATCH	MATCH
chr6:32836442:G:T	0|1	0|1	MATCH	MATCH
chr6:32836507:G:A	1|0	1|0	MATCH	MATCH
chr6:32836522:C:T	1|0	1|0	MATCH	MATCH
chr6:32836637:A:G	1|0	1|0	MATCH	MATCH
chr6:32836793:G:A	1|0	1|0	MATCH	MATCH
chr6:32837021:G:A	0|1	0|1	MATCH	MATCH
chr6:32837104:G:A	1|0	1|0	MATCH	MATCH
chr6:32837157:G:A	0|1	0|1	MATCH	MATCH
chr6:32837530:C:T	1|0	1|0	MATCH	MATCH
chr6:32838344:T:C	1|0	1|0	MATCH	MATCH
chr6:32838614:C:T	1|0	1|0	MATCH	MATCH
chr6:32838799:C:T	1|0	1|0	MATCH	MATCH
chr6:32839009:T:G	1|0	1|0	MATCH	MATCH
chr6:32839172:C:T	1|0	1|0	MATCH	MATCH
chr6:32839468:C:A	0|1	0|1	MATCH	MATCH
chr6:32839743:A:T	1|0	1|0	MATCH	MATCH
chr6:32840118:C:T	0|1	0|1	MATCH	MATCH
chr6:32840368:G:A	0|1	0|1	MATCH	MATCH
chr6:32841207:A:G	0|1	0|1	MATCH	MATCH
chr6:32841446:C:A	1|0	1|0	MATCH	MATCH
chr6:32841541:G:A	0|1	0|1	MATCH	MATCH
chr6:32843045:G:A	0|1	0|1	MATCH	MATCH
chr6:32843428:T:A	0|1	0|1	MATCH	MATCH
chr6:32843606:A:G	1|0	1|0	MATCH	MATCH
chr6:32844082:C:A	0|1	0|1	MATCH	MATCH
chr6:32845081:A:G	0|1	0|1	MATCH	MATCH
chr6:32845275:T:C	0|1	0|1	MATCH	MATCH
chr6:32845384:G:C	0|1	0|1	MATCH	MATCH
chr6:32845428:T:C	0|1	0|1	MATCH	MATCH
chr6:32845644:G:T	0|1	0|1	MATCH	MATCH
chr6:32846350:G:A	1|0	1|0	MATCH	MATCH
chr6:32846511:G:A	0|1	0|1	MATCH	MATCH
chr6:32846539:A:G	0|1	0|1	MATCH	MATCH
chr6:32846670:T:C	1|0	1|0	MATCH	MATCH
chr6:32846882:A:G	0|1	0|1	MATCH	MATCH
chr6:32847198:T:C	0|1	0|1	MATCH	MATCH
chr6:32847739:C:T	0|1	0|1	MATCH	MATCH
chr6:32848153:T:C	0|1	0|1	MATCH	MATCH
chr6:32848166:T:C	0|1	0|1	MATCH	MATCH
chr6:32848205:T:C	0|1	0|1	MATCH	MATCH
chr6:32848276:C:T	0|1	0|1	MATCH	MATCH
chr6:32848277:G:A	1|0	1|0	MATCH	MATCH
chr6:32848442:C:T	0|1	0|1	MATCH	MATCH
chr6:32848923:C:A	0|1	0|1	MATCH	MATCH
chr6:32849221:T:C	0|1	0|1	MATCH	MATCH
chr6:32849997:T:G	0|1	0|1	MATCH	MATCH
chr6:32850024:T:G	0|1	0|1	MATCH	MATCH
chr6:32850169:AG:A	0|1	0|1	MATCH	MATCH
chr6:32850254:A:G	0|1	0|1	MATCH	MATCH
chr6:32850728:G:C	0|1	0|1	MATCH	MATCH
chr6:32850852:A:T	0|1	0|1	MATCH	MATCH
chr6:32850856:C:T	0|1	0|1	MATCH	MATCH
chr6:32850997:T:C	0|1	0|1	MATCH	MATCH
chr6:32851224:G:C	0|1	0|1	MATCH	MATCH
chr6:32851506:G:A	0|1	0|1	MATCH	MATCH
chr6:32851553:A:G	0|1	0|1	MATCH	MATCH
chr6:32851746:T:G	0|1	0|1	MATCH	MATCH
chr6:32851968:G:A	0|1	0|1	MATCH	MATCH
chr6:32852191:G:A	0|1	0|1	MATCH	MATCH
chr6:32852266:A:G	0|1	0|1	MATCH	MATCH
chr6:32852360:C:T	0|1	0|1	MATCH	MATCH
chr6:32852879:G:T	0|1	0|1	MATCH	MATCH
chr6:32853199:C:T	0|1	0|1	MATCH	MATCH
chr6:32853214:A:G	0|1	0|1	MATCH	MATCH
chr6:32853588:C:G	0|1	0|1	MATCH	MATCH
chr6:32854082:C:A	1|0	1|0	MATCH	MATCH
chr6:32854255:G:A	0|1	0|1	MATCH	MATCH
chr6:32854551:C:G	0|1	0|1	MATCH	MATCH
chr6:32854788:C:G	0|1	0|1	MATCH	MATCH
chr6:32855024:G:C	0|1	0|1	MATCH	MATCH
chr6:32855081:G:T	1|0	1|0	MATCH	MATCH
chr6:32855130:C:T	1|0	1|0	MATCH	MATCH
chr6:32855198:T:A	1|0	1|0	MATCH	MATCH
chr6:32855812:G:A	0|1	0|1	MATCH	MATCH
chr6:32856050:T:C	0|1	0|1	MATCH	MATCH
chr6:32857313:G:A	1|0	1|0	MATCH	MATCH
chr6:32857571:T:C	1|0	1|0	MATCH	MATCH
chr6:32857730:C:T	1|0	1|0	MATCH	MATCH
chr6:32858312:C:T	0|1	0|1	MATCH	MATCH
chr6:32859208:C:T	1|0	1|0	MATCH	MATCH
chr6:32859784:TGAA:T	1|0	1|0	MATCH	MATCH
chr6:32860379:C:T	1|0	1|0	MATCH	MATCH
chr6:32860445:A:AC	1|0	1|0	MATCH	MATCH
chr6:32860471:T:G	1|0	1|0	MATCH	MATCH
chr6:32861325:G:A	1|0	1|0	MATCH	MATCH
chr6:32862036:C:T	0|1	0|1	MATCH	MATCH
chr6:32862486:G:A	0|1	0|1	MATCH	MATCH
chr6:32862633:G:A	0|1	0|1	MATCH	MATCH
chr6:32862640:C:T	1|0	1|0	MATCH	MATCH
chr6:32863213:A:G	0|1	0|1	MATCH	MATCH
chr6:32863470:A:T	1|0	1|0	MATCH	MATCH
chr6:32863684:C:T	1|0	1|0	MATCH	MATCH
chr6:32864256:A:G	1|0	1|0	MATCH	MATCH
chr6:32864623:C:T	1|0	1|0	MATCH	MATCH
chr6:32865479:G:A	1|0	1|0	MATCH	MATCH
chr6:32865670:A:G	0|1	0|1	MATCH	MATCH
chr6:32865869:G:A	1|0	1|0	MATCH	MATCH
chr6:32866349:T:C	0|1	0|1	MATCH	MATCH
chr6:32866887:T:A	1|0	1|0	MATCH	MATCH
chr6:32867828:T:A	0|1	0|1	MATCH	MATCH
chr6:32867838:C:A	1|0	1|0	MATCH	MATCH
chr6:32868333:C:CA	1|0	1|0	MATCH	MATCH
chr6:32869131:T:C	0|1	0|1	MATCH	MATCH
chr6:32870306:AG:A	1|0	1|0	MATCH	MATCH
chr6:32871305:A:T	0|1	0|1	MATCH	MATCH
chr6:32872379:G:C	0|1	0|1	MATCH	MATCH
chr6:32872715:A:G	0|1	0|1	MATCH	MATCH
chr6:32873539:C:T	1|0	1|0	MATCH	MATCH
chr6:32873587:C:A	0|1	0|1	MATCH	MATCH
chr6:32873952:G:A,T	1|2	1|2	MATCH	MATCH
chr6:32875461:G:T	1|0	1|0	MATCH	MATCH
chr6:32875804:TACTC:T	1|0	1|0	MATCH	MATCH
chr6:32876124:C:G	0|1	0|1	MATCH	MATCH
chr6:32876191:C:G	1|0	1|0	MATCH	MATCH
chr6:32877719:C:A	1|0	1|0	MATCH	MATCH
chr6:32878250:G:A	0|1	0|1	MATCH	MATCH
chr6:32878545:A:G	1|0	1|0	MATCH	MATCH
chr6:32878703:C:T	1|0	1|0	MATCH	MATCH
chr6:32878706:G:C	1|0	1|0	MATCH	MATCH
chr6:32878793:C:T	1|0	1|0	MATCH	MATCH
chr6:32878810:C:T	1|0	1|0	MATCH	MATCH
chr6:32879532:GC:G	1|0	1|0	MATCH	MATCH
chr6:32879874:C:T	0|1	0|1	MATCH	MATCH
chr6:32879934:C:T	0|1	0|1	MATCH	MATCH
chr6:32880104:GT:G	1|0	1|0	MATCH	MATCH
chr6:32880195:C:G	1|0	1|0	MATCH	MATCH
chr6:32880356:T:C	1|0	1|0	MATCH	MATCH
chr6:32880391:C:T	1|0	1|0	MATCH	MATCH
chr6:32880789:A:C	1|0	1|0	MATCH	MATCH
chr6:32881112:T:C	1|0	1|0	MATCH	MATCH
chr6:32881221:C:T	1|0	1|0	MATCH	MATCH
chr6:32881232:A:G	1|0	1|0	MATCH	MATCH
chr6:32881448:G:A	1|0	1|0	MATCH	MATCH
chr6:32881712:C:T	0|1	0|1	MATCH	MATCH
chr6:32881862:A:G	1|0	1|0	MATCH	MATCH
chr6:32882178:C:A	0|1	0|1	MATCH	MATCH
chr6:32882215:C:T	0|1	0|1	MATCH	MATCH
chr6:32882251:G:A	0|1	0|1	MATCH	MATCH
chr6:32882258:A:AC	0|1	0|1	MATCH	MATCH
chr6:32882308:C:G	0|1	0|1	MATCH	MATCH
chr6:32882845:CTAAT:C	1|0	1|0	MATCH	MATCH
chr6:32883062:C:T	1|0	1|0	MATCH	MATCH
chr6:32883073:A:G	1|0	1|0	MATCH	MATCH
chr6:32883298:A:T	1|0	1|0	MATCH	MATCH
chr6:32883434:G:T	0|1	0|1	MATCH	MATCH
chr6:32883438:G:A	0|1	0|1	MATCH	MATCH
chr6:32883786:CCTGGTAT:C	1|0	1|0	MATCH	MATCH
chr6:32884870:T:C	0|1	0|1	MATCH	MATCH
chr6:32885641:T:C	0|1	0|1	MATCH	MATCH
chr6:32887498:A:G	0|1	0|1	MATCH	MATCH
chr6:32887563:C:G	1|0	1|0	MATCH	MATCH
chr6:32887589:C:T	0|1	0|1	MATCH	MATCH
chr6:32887883:T:C	0|1	0|1	MATCH	MATCH
chr6:32888668:A:G	0|1	0|1	MATCH	MATCH
chr6:32889253:C:T	0|1	0|1	MATCH	MATCH
chr6:32889642:T:A	0|1	0|1	MATCH	MATCH
chr6:32889926:A:C	0|1	0|1	MATCH	MATCH
chr6:32890024:T:G	1|0	1|0	MATCH	MATCH
chr6:32890574:A:T	0|1	0|1	MATCH	MATCH
chr6:32891223:A:G	1|0	1|0	MATCH	MATCH
chr6:32893158:G:A	0|1	0|1	MATCH	MATCH
chr6:32893440:A:G	0|1	0|1	MATCH	MATCH
chr6:32893699:G:A	0|1	0|1	MATCH	MATCH
chr6:32893854:G:C	1|0	1|0	MATCH	MATCH
chr6:32893874:C:G	1|0	1|0	MATCH	MATCH
chr6:32894110:G:C	0|1	0|1	MATCH	MATCH
chr6:32894191:C:T	0|1	0|1	MATCH	MATCH
chr6:32894380:C:G	0|1	0|1	MATCH	MATCH
chr6:32894414:C:A	0|1	0|1	MATCH	MATCH
chr6:32894493:A:C	0|1	0|1	MATCH	MATCH
chr6:32894512:T:C	0|1	0|1	MATCH	MATCH
chr6:32894658:C:A	0|1	0|1	MATCH	MATCH
chr6:32894659:T:G	0|1	0|1	MATCH	MATCH
chr6:32894810:C:T	0|1	0|1	MATCH	MATCH
chr6:32894927:G:A	0|1	0|1	MATCH	MATCH
chr6:32895639:G:A	0|1	0|1	MATCH	MATCH
chr6:32895771:T:A	0|1	0|1	MATCH	MATCH
chr6:32897126:C:G	0|1	0|1	MATCH	MATCH
chr6:32898134:G:A	1|0	1|0	MATCH	MATCH
chr6:32901268:T:C	1|0	1|0	MATCH	MATCH
chr6:32901453:T:TA	0|1	0|1	MATCH	MATCH
chr6:32901478:ATC:A	0|1	0|1	MATCH	MATCH
chr6:32901932:G:A	1|0	1|0	MATCH	MATCH
chr6:32902521:TAAAAATTCAGTCCTCTG:T	0|1	0|1	MATCH	MATCH
chr6:32903064:A:G	0|1	0|1	MATCH	MATCH
chr6:32903759:G:A	1|0	1|0	MATCH	MATCH
chr6:32905035:C:CAG	0|1	0|1	MATCH	MATCH
chr6:32907037:T:C	0|1	0|1	MATCH	MATCH
chr6:32907673:C:T	1|0	1|0	MATCH	MATCH
chr6:32909396:A:G	1|0	1|0	MATCH	MATCH
chr6:32909489:G:A	1|0	1|0	MATCH	MATCH
chr6:32912938:A:T	1|0	1|0	MATCH	MATCH
chr6:32913216:C:T	1|0	1|0	MATCH	MATCH
chr6:32913725:A:G	1|0	1|0	MATCH	MATCH
chr6:32915656:T:TACA	1|0	1|0	MATCH	MATCH
chr6:32920789:G:C	1|0	1|0	MATCH	MATCH
chr6:32924064:C:T	1|0	1|0	MATCH	MATCH
chr6:32925910:A:C	1|0	1|0	MATCH	MATCH
chr6:32928553:A:G	1|0	1|0	MATCH	MATCH
chr6:32931519:C:T	1|0	1|0	MATCH	MATCH
chr6:32932241:C:G	0|1	0|1	MATCH	MATCH
chr6:32933644:T:G	0|1	0|1	MATCH	MATCH
chr6:32936123:C:T	0|1	0|1	MATCH	MATCH
chr6:32936262:T:A	0|1	0|1	MATCH	MATCH
chr6:32936274:C:T	0|1	0|1	MATCH	MATCH
chr6:32936884:G:A	1|0	1|0	MATCH	MATCH
chr6:32937204:G:A	0|1	0|1	MATCH	MATCH
chr6:32938050:A:G	0|1	0|1	MATCH	MATCH
chr6:32938494:T:A	1|0	1|0	MATCH	MATCH
chr6:32943614:T:A	1|0	1|0	MATCH	MATCH
chr6:32943753:T:TA	1|0	1|0	MATCH	MATCH
chr6:32944037:A:G	0|1	0|1	MATCH	MATCH
chr6:32946124:A:G	1|0	1|0	MATCH	MATCH
chr6:32948922:C:T	1|0	1|0	MATCH	MATCH
chr6:32951798:A:G	0|1	0|1	MATCH	MATCH
chr6:32952462:C:T	1|0	1|0	MATCH	MATCH
chr6:32954291:A:T	0|1	0|1	MATCH	MATCH
chr6:32955131:A:C	0|1	0|1	MATCH	MATCH
chr6:32956646:T:C	0|1	0|1	MATCH	MATCH
chr6:32957429:G:A	0|1	0|1	MATCH	MATCH
chr6:32957915:C:T	0|1	0|1	MATCH	MATCH
chr6:32958077:C:G	0|1	0|1	MATCH	MATCH
chr6:32958281:T:A	0|1	0|1	MATCH	MATCH
chr6:32966201:G:C	1|0	1|0	MATCH	MATCH
chr6:32966664:A:G	0|1	0|1	MATCH	MATCH
chr6:32966893:A:T	1|0	1|0	MATCH	MATCH
chr6:32968461:A:T	0|1	0|1	MATCH	MATCH
chr6:32968531:C:T	0|1	0|1	MATCH	MATCH
chr6:32969097:G:A	0|1	0|1	MATCH	MATCH
chr6:32969514:C:T	0|1	0|1	MATCH	MATCH
chr6:32971664:C:G	0|1	0|1	MATCH	MATCH
chr6:32973159:C:T	0|1	0|1	MATCH	MATCH
chr6:32973827:T:TA	0|1	0|1	MATCH	MATCH
chr6:32973918:T:C	0|1	0|1	MATCH	MATCH
chr6:32974525:G:A	0|1	0|1	MATCH	MATCH
chr6:32975374:T:C	0|1	0|1	MATCH	MATCH
chr6:32977678:A:G	0|1	0|1	MATCH	MATCH
chr6:32978667:T:C	0|1	0|1	MATCH	MATCH
chr6:32979652:C:CATAGTGCAAAT	0|1	0|1	MATCH	MATCH
chr6:32979767:T:TGG	1|0	1|0	MATCH	MATCH
chr6:32980519:G:C	1|0	1|0	MATCH	MATCH
chr6:32980566:C:T	0|1	0|1	MATCH	MATCH
chr6:32981950:C:T	0|1	0|1	MATCH	MATCH
chr6:32982267:A:G	0|1	0|1	MATCH	MATCH
chr6:32982934:C:G	1|0	1|0	MATCH	MATCH
chr6:32984911:T:C	1|0	1|0	MATCH	MATCH
chr6:32985005:C:T	1|0	1|0	MATCH	MATCH
chr6:32994779:C:T	1|0	1|0	MATCH	MATCH
chr6:32996938:C:T	1|0	1|0	MATCH	MATCH
chr6:32998112:C:A	1|0	1|0	MATCH	MATCH
chr6:32998165:G:A	0|1	0|1	MATCH	MATCH
chr6:33002487:T:TG	0|1	0|1	MATCH	MATCH
chr6:33002673:G:A	0|1	0|1	MATCH	MATCH
chr6:33004385:C:T	1|0	1|0	MATCH	MATCH
chr6:33005504:T:C	1|0	1|0	MATCH	MATCH
chr6:33005736:C:G	1|0	1|0	MATCH	MATCH
chr6:33007604:A:G	1|0	1|0	MATCH	MATCH
chr6:33008294:G:GA	0|1	0|1	MATCH	MATCH
chr6:33008408:G:A	1|0	1|0	MATCH	MATCH
chr6:33010810:C:A	0|1	0|1	MATCH	MATCH
chr6:33011832:T:C	1|0	1|0	MATCH	MATCH
chr6:33011900:G:A	0|1	0|1	MATCH	MATCH
chr6:33011902:G:C	0|1	0|1	MATCH	MATCH
chr6:33011969:A:G	1|0	1|0	MATCH	MATCH
chr6:33011993:G:C	1|0	1|0	MATCH	MATCH
chr6:33012445:G:A	1|0	1|0	MATCH	MATCH
chr6:33012513:C:T	1|0	1|0	MATCH	MATCH
chr6:33012525:G:A	1|0	1|0	MATCH	MATCH
chr6:33012542:C:T	1|0	1|0	MATCH	MATCH
chr6:33012566:T:C	1|0	1|0	MATCH	MATCH
chr6:33012571:C:T	1|0	1|0	MATCH	MATCH
chr6:33012616:G:A	0|1	0|1	MATCH	MATCH
chr6:33012829:A:G	1|0	1|0	MATCH	MATCH
chr6:33012902:A:G	1|0	1|0	MATCH	MATCH
chr6:33012907:C:T	1|0	1|0	MATCH	MATCH
chr6:33012952:A:G	1|0	1|0	MATCH	MATCH
chr6:33012956:TC:T	1|0	1|0	MATCH	MATCH
chr6:33013200:C:CCTCT	1|0	1|0	MATCH	MATCH
chr6:33013209:T:C	0|1	0|1	MATCH	MATCH
chr6:33013419:T:TA	1|0	1|0	MATCH	MATCH
chr6:33013436:T:G	1|0	1|0	MATCH	MATCH
chr6:33013444:G:T	1|0	1|0	MATCH	MATCH
chr6:33013870:C:T	1|0	1|0	MATCH	MATCH
chr6:33013905:C:T	1|0	1|0	MATCH	MATCH
chr6:33014071:A:G	0|1	0|1	MATCH	MATCH
chr6:33014160:T:C	0|1	0|1	MATCH	MATCH
chr6:33014561:A:G	1|0	1|0	MATCH	MATCH
chr6:33014563:A:C	1|0	1|0	MATCH	MATCH
chr6:33015134:G:A	1|0	1|0	MATCH	MATCH
chr6:33015144:T:C	1|0	1|0	MATCH	MATCH
chr6:33015598:C:T	1|0	1|0	MATCH	MATCH
chr6:33015937:C:T	1|0	1|0	MATCH	MATCH
chr6:33015971:C:T	0|1	0|1	MATCH	MATCH
chr6:33015988:C:T	0|1	0|1	MATCH	MATCH
chr6:33016073:C:G	0|1	0|1	MATCH	MATCH
chr6:33016234:C:T	1|0	1|0	MATCH	MATCH
chr6:33016454:T:G	0|1	0|1	MATCH	MATCH
chr6:33016478:T:C	1|0	1|0	MATCH	MATCH
chr6:33017599:A:T	1|0	1|0	MATCH	MATCH
chr6:33017636:A:G	1|0	1|0	MATCH	MATCH
chr6:33018215:T:A	1|0	1|0	MATCH	MATCH
chr6:33018381:C:T	0|1	0|1	MATCH	MATCH
chr6:33018670:T:C	0|1	0|1	MATCH	MATCH
chr6:33018796:A:G	1|0	1|0	MATCH	MATCH
chr6:33018900:G:T	1|0	1|0	MATCH	MATCH
chr6:33019997:C:T	0|1	0|1	MATCH	MATCH
chr6:33020272:T:G	1|0	1|0	MATCH	MATCH
chr6:33020312:C:T	0|1	0|1	MATCH	MATCH
chr6:33020398:G:A	0|1	0|1	MATCH	MATCH
chr6:33020563:C:T	0|1	0|1	MATCH	MATCH
chr6:33020652:C:T	0|1	0|1	MATCH	MATCH
chr6:33020918:T:G	0|1	0|1	MATCH	MATCH
chr6:33021467:A:C	0|1	0|1	MATCH	MATCH
chr6:33021501:A:G	0|1	0|1	MATCH	MATCH
chr6:33021504:G:A	0|1	0|1	MATCH	MATCH
chr6:33021795:G:A	0|1	0|1	MATCH	MATCH
chr6:33022194:C:T	0|1	0|1	MATCH	MATCH
chr6:33022824:T:C	0|1	0|1	MATCH	MATCH
chr6:33023103:A:T	0|1	0|1	MATCH	MATCH
chr6:33023924:G:GATA	0|1	0|1	MATCH	MATCH
chr6:33024259:A:T	1|0	1|0	MATCH	MATCH
chr6:33024291:G:A	0|1	0|1	MATCH	MATCH
chr6:33024588:A:T	1|0	1|0	MATCH	MATCH
chr6:33024812:G:A	0|1	0|1	MATCH	MATCH
chr6:33025165:G:T	0|1	0|1	MATCH	MATCH
chr6:33025213:G:A	0|1	0|1	MATCH	MATCH
chr6:33025489:G:A	0|1	0|1	MATCH	MATCH
chr6:33025890:T:C	0|1	0|1	MATCH	MATCH
chr6:33026370:T:A	0|1	0|1	MATCH	MATCH
chr6:33026612:T:C	0|1	0|1	MATCH	MATCH
chr6:33027831:T:C	0|1	0|1	MATCH	MATCH
chr6:33027839:C:G	0|1	0|1	MATCH	MATCH
chr6:33028185:C:T	0|1	0|1	MATCH	MATCH
chr6:33028237:C:T	0|1	0|1	MATCH	MATCH
chr6:33028440:G:A	0|1	0|1	MATCH	MATCH
chr6:33029706:TC:T	0|1	0|1	MATCH	MATCH
chr6:33029727:T:TC	0|1	0|1	MATCH	MATCH
chr6:33029897:T:C	0|1	0|1	MATCH	MATCH
chr6:33030094:C:T	0|1	0|1	MATCH	MATCH
chr6:33030100:T:A	0|1	0|1	MATCH	MATCH
chr6:33030201:AT:A	0|1	0|1	MATCH	MATCH
chr6:33030337:T:C	0|1	0|1	MATCH	MATCH
chr6:33030344:G:A	0|1	0|1	MATCH	MATCH
chr6:33030461:A:G	0|1	0|1	MATCH	MATCH
chr6:33030787:C:T	1|0	1|0	MATCH	MATCH
chr6:33030952:T:C	1|0	1|0	MATCH	MATCH
chr6:33031998:ATGAT:A	0|1	0|1	MATCH	MATCH
chr6:33032206:A:G	1|0	1|0	MATCH	MATCH
chr6:33032366:A:G	1|0	1|0	MATCH	MATCH
chr6:33032373:C:T	1|0	1|0	MATCH	MATCH
chr6:33032430:A:G	0|1	0|1	MATCH	MATCH
chr6:33032658:T:G	1|0	1|0	MATCH	MATCH
chr6:33033289:A:T	1|0	1|0	MATCH	MATCH
chr6:33033357:T:C	0|1	0|1	MATCH	MATCH
chr6:33033578:G:A	1|0	1|0	MATCH	MATCH
chr6:33033711:A:G	1|0	1|0	MATCH	MATCH
chr6:33033958:T:C	1|0	1|0	MATCH	MATCH
chr6:33034328:T:A	1|0	1|0	MATCH	MATCH
chr6:33035288:T:C	1|0	1|0	MATCH	MATCH
chr6:33035343:A:G	1|0	1|0	MATCH	MATCH
chr6:33035785:T:C	1|0	1|0	MATCH	MATCH
chr6:33036453:T:C	1|0	1|0	MATCH	MATCH
chr6:33036650:T:C	1|0	1|0	MATCH	MATCH
chr6:33037158:C:T	1|0	1|0	MATCH	MATCH
chr6:33037431:C:T	1|0	1|0	MATCH	MATCH
chr6:33037496:G:A	1|0	1|0	MATCH	MATCH
chr6:33037558:T:A	1|0	1|0	MATCH	MATCH
chr6:33037561:G:A	1|0	1|0	MATCH	MATCH
chr6:33037695:A:G	1|0	1|0	MATCH	MATCH
chr6:33037787:A:G	1|0	1|0	MATCH	MATCH
chr6:33037823:G:A	1|0	1|0	MATCH	MATCH
chr6:33037867:T:C	1|0	1|0	MATCH	MATCH
chr6:33037912:C:T	1|0	1|0	MATCH	MATCH
chr6:33038155:T:C	1|0	1|0	MATCH	MATCH
chr6:33038445:G:A	0|1	0|1	MATCH	MATCH
chr6:33038633:G:A	1|0	1|0	MATCH	MATCH
chr6:33039092:T:C	1|0	1|0	MATCH	MATCH
chr6:33039415:T:C	1|0	1|0	MATCH	MATCH
chr6:33039544:C:T	1|0	1|0	MATCH	MATCH
chr6:33039975:C:A	0|1	0|1	MATCH	MATCH
chr6:33040744:C:T	0|1	0|1	MATCH	MATCH
chr6:33040769:A:G	0|1	0|1	MATCH	MATCH
chr6:33041096:T:C	0|1	0|1	MATCH	MATCH
chr6:33041546:C:T	1|0	1|0	MATCH	MATCH
chr6:33042057:TG:T	1|0	1|0	MATCH	MATCH
chr6:33042278:T:C	0|1	0|1	MATCH	MATCH
chr6:33042825:G:A	0|1	0|1	MATCH	MATCH
chr6:33042897:A:G	0|1	0|1	MATCH	MATCH
chr6:33042908:T:G	0|1	0|1	MATCH	MATCH
chr6:33042909:T:C	0|1	0|1	MATCH	MATCH
chr6:33043388:C:T	0|1	0|1	MATCH	MATCH
chr6:33044046:C:T	0|1	0|1	MATCH	MATCH
chr6:33044223:C:T	0|1	0|1	MATCH	MATCH
chr6:33044463:G:A	0|1	0|1	MATCH	MATCH
chr6:33044628:T:C	0|1	0|1	MATCH	MATCH
chr6:33044993:G:A	0|1	0|1	MATCH	MATCH
chr6:33045118:T:C	1|0	1|0	MATCH	MATCH
chr6:33045355:C:T	0|1	0|1	MATCH	MATCH
chr6:33045711:A:AGTTTTT	1|0	1|0	MATCH	MATCH
chr6:33045746:G:A	1|0	1|0	MATCH	MATCH
chr6:33046112:T:C	0|1	0|1	MATCH	MATCH
chr6:33046526:T:G	0|1	0|1	MATCH	MATCH
chr6:33046536:A:G	0|1	0|1	MATCH	MATCH
chr6:33046541:T:C	0|1	0|1	MATCH	MATCH
chr6:33046676:T:C	0|1	0|1	MATCH	MATCH
chr6:33047642:A:G	0|1	0|1	MATCH	MATCH
chr6:33048027:G:T	0|1	0|1	MATCH	MATCH
chr6:33048046:T:C	0|1	0|1	MATCH	MATCH
chr6:33048310:T:C	0|1	0|1	MATCH	MATCH
chr6:33048731:C:T	1|0	1|0	MATCH	MATCH
chr6:33048761:G:T	0|1	0|1	MATCH	MATCH
chr6:33048762:T:C	0|1	0|1	MATCH	MATCH
chr6:33048930:C:T	0|1	0|1	MATCH	MATCH
chr6:33048951:T:C	0|1	0|1	MATCH	MATCH
chr6:33049110:A:G	0|1	0|1	MATCH	MATCH
chr6:33049237:G:A	1|0	1|0	MATCH	MATCH
chr6:33049305:G:A	1|0	1|0	MATCH	MATCH
chr6:33050949:G:A	0|1	0|1	MATCH	MATCH
chr6:33051264:C:T	0|1	0|1	MATCH	MATCH
chr6:33051866:T:G	0|1	0|1	MATCH	MATCH
chr6:33051909:T:C	0|1	0|1	MATCH	MATCH
chr6:33052610:G:C	1|0	1|0	MATCH	MATCH
chr6:33054127:G:A	1|0	1|0	MATCH	MATCH
chr6:33055011:G:C	0|1	0|1	MATCH	MATCH
chr6:33055984:T:C	0|1	0|1	MATCH	MATCH
chr6:33056015:A:C	0|1	0|1	MATCH	MATCH
chr6:33056055:C:T	0|1	0|1	MATCH	MATCH
chr6:33056103:T:C	0|1	0|1	MATCH	MATCH
chr6:33056117:C:T	0|1	0|1	MATCH	MATCH
chr6:33056149:C:T	0|1	0|1	MATCH	MATCH
chr6:33056169:A:G	0|1	0|1	MATCH	MATCH
chr6:33056355:G:A	0|1	0|1	MATCH	MATCH
chr6:33056389:A:G	1|0	1|0	MATCH	MATCH
chr6:33056401:T:A	1|0	1|0	MATCH	MATCH
chr6:33056934:T:C	1|0	1|0	MATCH	MATCH
chr6:33056961:C:T	1|0	1|0	MATCH	MATCH
chr6:33056985:T:C	1|0	1|0	MATCH	MATCH
chr6:33057018:A:T	1|0	1|0	MATCH	MATCH
chr6:33057046:T:C	1|0	1|0	MATCH	MATCH
chr6:33057195:A:G	1|0	1|0	MATCH	MATCH
chr6:33057267:A:G	1|0	1|0	MATCH	MATCH
chr6:33057273:A:G	1|0	1|0	MATCH	MATCH
chr6:33057330:A:AC	1|0	1|0	MATCH	MATCH
chr6:33057397:C:G	1|0	1|0	MATCH	MATCH
chr6:33057609:G:A	1|0	1|0	MATCH	MATCH
chr6:33057894:C:G	1|0	1|0	MATCH	MATCH
chr6:33057935:C:T	1|0	1|0	MATCH	MATCH
chr6:33057963:T:C	1|0	1|0	MATCH	MATCH
chr6:33058015:C:CA	1|0	1|0	MATCH	MATCH
chr6:33058047:C:A	1|0	1|0	MATCH	MATCH
chr6:33058176:A:G	1|0	1|0	MATCH	MATCH
chr6:33058238:C:T	1|0	1|0	MATCH	MATCH
chr6:33058307:G:A	1|0	1|0	MATCH	MATCH
chr6:33058310:C:G	1|0	1|0	MATCH	MATCH
chr6:33058333:A:C	0|1	0|1	MATCH	MATCH
chr6:33058362:AT:A	1|0	1|0	MATCH	MATCH
chr6:33058392:G:A	1|0	1|0	MATCH	MATCH
chr6:33058408:G:A	1|0	1|0	MATCH	MATCH
chr6:33058412:C:T	1|0	1|0	MATCH	MATCH
chr6:33058419:G:A	1|0	1|0	MATCH	MATCH
chr6:33058435:T:G	1|0	1|0	MATCH	MATCH
chr6:33058437:G:A	1|0	1|0	MATCH	MATCH
chr6:33058469:A:G	1|0	1|0	MATCH	MATCH
chr6:33058539:C:T	1|0	1|0	MATCH	MATCH
chr6:33058646:C:T	1|0	1|0	MATCH	MATCH
chr6:33058656:T:C	1|0	1|0	MATCH	MATCH
chr6:33058740:C:T	1|0	1|0	MATCH	MATCH
chr6:33058747:T:C	1|0	1|0	MATCH	MATCH
chr6:33058763:G:A	1|0	1|0	MATCH	MATCH
chr6:33058827:C:T	1|0	1|0	MATCH	MATCH
chr6:33058829:A:G	1|0	1|0	MATCH	MATCH
chr6:33058896:G:T	1|0	1|0	MATCH	MATCH
chr6:33061211:T:C	1|0	1|0	MATCH	MATCH
chr6:33061232:A:G	1|0	1|0	MATCH	MATCH
chr6:33061258:A:G	1|0	1|0	MATCH	MATCH
chr6:33061439:A:T	1|0	1|0	MATCH	MATCH
chr6:33061632:T:G	1|0	1|0	MATCH	MATCH
chr6:33061660:A:G	1|0	1|0	MATCH	MATCH
chr6:33061679:G:A	1|0	1|0	MATCH	MATCH
chr6:33061683:A:G	1|0	1|0	MATCH	MATCH
chr6:33061714:G:A	1|0	1|0	MATCH	MATCH
chr6:33061729:A:G	1|0	1|0	MATCH	MATCH
chr6:33061734:G:A	1|0	1|0	MATCH	MATCH
chr6:33061737:T:G	1|0	1|0	MATCH	MATCH
chr6:33061822:G:A	1|0	1|0	MATCH	MATCH
chr6:33061862:C:A	1|0	1|0	MATCH	MATCH
chr6:33061891:C:T	1|0	1|0	MATCH	MATCH
chr6:33061910:T:C	1|0	1|0	MATCH	MATCH
chr6:33061913:C:T	1|0	1|0	MATCH	MATCH
chr6:33061952:G:A	1|0	1|0	MATCH	MATCH
chr6:33061998:A:G	1|0	1|0	MATCH	MATCH
chr6:33062050:G:C	1|0	1|0	MATCH	MATCH
chr6:33062148:A:G	1|0	1|0	MATCH	MATCH
chr6:33062149:A:G	1|0	1|0	MATCH	MATCH
chr6:33062153:A:G	1|0	1|0	MATCH	MATCH
chr6:33062160:C:T	1|0	1|0	MATCH	MATCH
chr6:33062322:G:A	1|0	1|0	MATCH	MATCH
chr6:33062441:C:T	1|0	1|0	MATCH	MATCH
chr6:33062664:C:A	1|0	1|0	MATCH	MATCH
chr6:33062672:T:C	1|0	1|0	MATCH	MATCH
chr6:33062843:T:G	1|0	1|0	MATCH	MATCH
chr6:33062953:G:A	1|0	1|0	MATCH	MATCH
chr6:33062978:T:C	1|0	1|0	MATCH	MATCH
chr6:33063010:T:C	1|0	1|0	MATCH	MATCH
chr6:33063098:A:G	1|0	1|0	MATCH	MATCH
chr6:33063106:C:T	1|0	1|0	MATCH	MATCH
chr6:33063155:A:T	1|0	1|0	MATCH	MATCH
chr6:33063156:T:C	1|0	1|0	MATCH	MATCH
chr6:33063168:G:T	1|0	1|0	MATCH	MATCH
chr6:33063169:A:G	1|0	1|0	MATCH	MATCH
chr6:33063326:A:G	1|0	1|0	MATCH	MATCH
chr6:33063409:C:T	1|0	1|0	MATCH	MATCH
chr6:33063421:T:C	1|0	1|0	MATCH	MATCH
chr6:33063435:G:C	1|0	1|0	MATCH	MATCH
chr6:33063473:G:A	1|0	1|0	MATCH	MATCH
chr6:33063484:G:A	1|0	1|0	MATCH	MATCH
chr6:33063510:T:G	1|0	1|0	MATCH	MATCH
chr6:33063538:T:C	1|0	1|0	MATCH	MATCH
chr6:33063629:A:G	1|0	1|0	MATCH	MATCH
chr6:33063637:G:A	1|0	1|0	MATCH	MATCH
chr6:33063640:A:T	1|0	1|0	MATCH	MATCH
chr6:33063665:T:C	1|0	1|0	MATCH	MATCH
chr6:33063666:G:A	1|0	1|0	MATCH	MATCH
chr6:33063671:A:C	1|0	1|0	MATCH	MATCH
chr6:33063726:T:G	1|0	1|0	MATCH	MATCH
chr6:33063729:G:GT	1|0	1|0	MATCH	MATCH
chr6:33063745:G:T	1|0	1|0	MATCH	MATCH
chr6:33063762:A:C	1|0	1|0	MATCH	MATCH
chr6:33063774:A:G	1|0	1|0	MATCH	MATCH
chr6:33063781:AC:A	1|0	1|0	MATCH	MATCH
chr6:33063790:C:G	1|0	1|0	MATCH	MATCH
chr6:33063818:C:T	1|0	1|0	MATCH	MATCH
chr6:33063825:C:T	1|0	1|0	MATCH	MATCH
chr6:33063835:C:T	1|0	1|0	MATCH	MATCH
chr6:33063900:G:A	1|0	1|0	MATCH	MATCH
chr6:33063912:T:C	1|0	1|0	MATCH	MATCH
chr6:33063914:G:C	1|0	1|0	MATCH	MATCH
chr6:33063990:G:A	1|0	1|0	MATCH	MATCH
chr6:33064032:T:C	1|0	1|0	MATCH	MATCH
chr6:33064042:C:T	1|0	1|0	MATCH	MATCH
chr6:33064143:A:G	1|0	1|0	MATCH	MATCH
chr6:33064157:C:T	1|0	1|0	MATCH	MATCH
chr6:33064209:A:C	1|0	1|0	MATCH	MATCH
chr6:33064217:T:C	1|0	1|0	MATCH	MATCH
chr6:33064359:G:A	1|0	1|0	MATCH	MATCH
chr6:33064382:A:C	1|0	1|0	MATCH	MATCH
chr6:33064397:A:G	1|0	1|0	MATCH	MATCH
chr6:33064411:G:A	1|0	1|0	MATCH	MATCH
chr6:33064429:T:C	1|0	1|0	MATCH	MATCH
chr6:33064495:C:T	1|0	1|0	MATCH	MATCH
chr6:33064500:A:G	1|0	1|0	MATCH	MATCH
chr6:33064570:T:G	1|0	1|0	MATCH	MATCH
chr6:33064581:A:T	1|0	1|0	MATCH	MATCH
chr6:33064617:G:GA	1|0	1|0	MATCH	MATCH
chr6:33064653:A:C	1|0	1|0	MATCH	MATCH
chr6:33064808:A:C	1|0	1|0	MATCH	MATCH
chr6:33064823:A:G	1|0	1|0	MATCH	MATCH
chr6:33064846:G:A	1|0	1|0	MATCH	MATCH
chr6:33064859:A:G	1|0	1|0	MATCH	MATCH
chr6:33064886:G:A	1|0	1|0	MATCH	MATCH
chr6:33064891:A:G	1|0	1|0	MATCH	MATCH
chr6:33064915:C:T	1|0	1|0	MATCH	MATCH
chr6:33064921:G:T	1|0	1|0	MATCH	MATCH
chr6:33064926:C:T	1|0	1|0	MATCH	MATCH
chr6:33065045:G:A	1|0	1|0	MATCH	MATCH
chr6:33065054:G:A	1|0	1|0	MATCH	MATCH
chr6:33065076:C:T	1|0	1|0	MATCH	MATCH
chr6:33065084:G:A	1|0	1|0	MATCH	MATCH
chr6:33065088:A:C	1|0	1|0	MATCH	MATCH
chr6:33065128:T:C	1|0	1|0	MATCH	MATCH
chr6:33065136:C:T	1|0	1|0	MATCH	MATCH
chr6:33065143:G:GTCAACATTTAT	1|0	1|0	MATCH	MATCH
chr6:33065191:G:A	1|0	1|0	MATCH	MATCH
chr6:33065245:A:G	1|0	1|0	MATCH	MATCH
chr6:33065278:A:T	1|0	1|0	MATCH	MATCH
chr6:33065281:T:C	1|0	1|0	MATCH	MATCH
chr6:33065369:T:C	1|0	1|0	MATCH	MATCH
chr6:33065393:T:C	1|0	1|0	MATCH	MATCH
chr6:33065400:G:A	1|0	1|0	MATCH	MATCH
chr6:33065401:G:A	1|0	1|0	MATCH	MATCH
chr6:33065411:C:T	1|0	1|0	MATCH	MATCH
chr6:33065425:C:T	1|0	1|0	MATCH	MATCH
chr6:33065458:G:C	1|0	1|0	MATCH	MATCH
chr6:33065489:T:A	1|0	1|0	MATCH	MATCH
chr6:33065490:G:A	1|0	1|0	MATCH	MATCH
chr6:33065510:G:C	1|0	1|0	MATCH	MATCH
chr6:33065536:G:T	1|0	1|0	MATCH	MATCH
chr6:33065574:G:T	1|0	1|0	MATCH	MATCH
chr6:33065580:C:G	1|0	1|0	MATCH	MATCH
chr6:33065589:A:G	0|1	0|1	MATCH	MATCH
chr6:33065611:A:C	1|0	1|0	MATCH	MATCH
chr6:33065613:A:T	1|0	1|0	MATCH	MATCH
chr6:33065707:C:T	1|0	1|0	MATCH	MATCH
chr6:33065717:C:G	1|0	1|0	MATCH	MATCH
chr6:33065730:C:T	1|0	1|0	MATCH	MATCH
chr6:33065743:T:A	1|0	1|0	MATCH	MATCH
chr6:33065764:CA:C	1|0	1|0	MATCH	MATCH
chr6:33065831:T:TG	1|0	1|0	MATCH	MATCH
chr6:33065853:C:T	1|0	1|0	MATCH	MATCH
chr6:33065862:G:A	1|0	1|0	MATCH	MATCH
chr6:33065878:C:A	1|0	1|0	MATCH	MATCH
chr6:33065885:T:C	1|0	1|0	MATCH	MATCH
chr6:33065891:G:GCTT	1|0	1|0	MATCH	MATCH
chr6:33065904:T:C	1|0	1|0	MATCH	MATCH
chr6:33065908:A:G	1|0	1|0	MATCH	MATCH
chr6:33065913:C:A	1|0	1|0	MATCH	MATCH
chr6:33065922:G:T	1|0	1|0	MATCH	MATCH
chr6:33065926:G:A	1|0	1|0	MATCH	MATCH
chr6:33065933:T:C	1|0	1|0	MATCH	MATCH
chr6:33065961:C:T	1|0	1|0	MATCH	MATCH
chr6:33066010:T:C	1|0	1|0	MATCH	MATCH
chr6:33066014:C:T	1|0	1|0	MATCH	MATCH
chr6:33066034:C:T	1|0	1|0	MATCH	MATCH
chr6:33066047:C:T	1|0	1|0	MATCH	MATCH
chr6:33066060:G:A	1|0	1|0	MATCH	MATCH
chr6:33066062:C:T	1|0	1|0	MATCH	MATCH
chr6:33066072:T:C	1|0	1|0	MATCH	MATCH
chr6:33066117:C:T	1|0	1|0	MATCH	MATCH
chr6:33066142:A:C	1|0	1|0	MATCH	MATCH
chr6:33066162:T:A	1|0	1|0	MATCH	MATCH
chr6:33066175:C:G	1|0	1|0	MATCH	MATCH
chr6:33066184:G:T	1|0	1|0	MATCH	MATCH
chr6:33066230:T:C	1|0	1|0	MATCH	MATCH
chr6:33066299:C:T	1|0	1|0	MATCH	MATCH
chr6:33066302:A:G	1|0	1|0	MATCH	MATCH
chr6:33066336:T:C	1|0	1|0	MATCH	MATCH
chr6:33066341:A:G	1|0	1|0	MATCH	MATCH
chr6:33066343:C:T	1|0	1|0	MATCH	MATCH
chr6:33066400:A:G	1|0	1|0	MATCH	MATCH
chr6:33066446:G:A	1|0	1|0	MATCH	MATCH
chr6:33066463:A:C	1|0	1|0	MATCH	MATCH
chr6:33066519:T:C	1|0	1|0	MATCH	MATCH
chr6:33066528:C:T	1|0	1|0	MATCH	MATCH
chr6:33066544:C:T	1|0	1|0	MATCH	MATCH
chr6:33066545:A:G	1|0	1|0	MATCH	MATCH
chr6:33066548:C:T	1|0	1|0	MATCH	MATCH
chr6:33066576:T:A	1|0	1|0	MATCH	MATCH
chr6:33066577:T:C	1|0	1|0	MATCH	MATCH
chr6:33066622:C:A	1|0	1|0	MATCH	MATCH
chr6:33066627:G:A	1|0	1|0	MATCH	MATCH
chr6:33066644:A:G	1|0	1|0	MATCH	MATCH
chr6:33066694:A:G	1|0	1|0	MATCH	MATCH
chr6:33066696:A:G	1|0	1|0	MATCH	MATCH
chr6:33066701:G:T	1|0	1|0	MATCH	MATCH
chr6:33066707:C:T	1|0	1|0	MATCH	MATCH
chr6:33066730:G:A	1|0	1|0	MATCH	MATCH
chr6:33066741:G:A	1|0	1|0	MATCH	MATCH
chr6:33066753:A:G	1|0	1|0	MATCH	MATCH
chr6:33066800:C:T	1|0	1|0	MATCH	MATCH
chr6:33066876:C:A	1|0	1|0	MATCH	MATCH
chr6:33066922:A:T	1|0	1|0	MATCH	MATCH
chr6:33066925:C:G	1|0	1|0	MATCH	MATCH
chr6:33066946:A:T	1|0	1|0	MATCH	MATCH
chr6:33066968:T:C	1|0	1|0	MATCH	MATCH
chr6:33066969:T:A	1|0	1|0	MATCH	MATCH
chr6:33067008:G:A	1|0	1|0	MATCH	MATCH
chr6:33067099:T:C	1|0	1|0	MATCH	MATCH
chr6:33067123:A:G	1|0	1|0	MATCH	MATCH
chr6:33067129:T:C	1|0	1|0	MATCH	MATCH
chr6:33067153:A:G	1|0	1|0	MATCH	MATCH
chr6:33067154:A:G	1|0	1|0	MATCH	MATCH
chr6:33067179:G:A	1|0	1|0	MATCH	MATCH
chr6:33067223:G:A	1|0	1|0	MATCH	MATCH
chr6:33067243:C:A	1|0	1|0	MATCH	MATCH
chr6:33067294:A:ACT	1|0	1|0	MATCH	MATCH
chr6:33067311:T:G	1|0	1|0	MATCH	MATCH
chr6:33067314:C:G	1|0	1|0	MATCH	MATCH
chr6:33067320:T:C	1|0	1|0	MATCH	MATCH
chr6:33067357:A:G	1|0	1|0	MATCH	MATCH
chr6:33067366:G:C	1|0	1|0	MATCH	MATCH
chr6:33067372:TA:T	1|0	1|0	MATCH	MATCH
chr6:33067381:G:C	1|0	1|0	MATCH	MATCH
chr6:33067495:A:G	1|0	1|0	MATCH	MATCH
chr6:33067508:G:A	1|0	1|0	MATCH	MATCH
chr6:33067509:C:T	1|0	1|0	MATCH	MATCH
chr6:33067511:T:G	1|0	1|0	MATCH	MATCH
chr6:33067529:G:A	1|0	1|0	MATCH	MATCH
chr6:33067553:G:A	1|0	1|0	MATCH	MATCH
chr6:33067572:A:ATATTCCTT	1|0	1|0	MATCH	MATCH
chr6:33067586:C:G	1|0	1|0	MATCH	MATCH
chr6:33067618:A:G	1|0	1|0	MATCH	MATCH
chr6:33067621:T:G	1|0	1|0	MATCH	MATCH
chr6:33067647:A:T	1|0	1|0	MATCH	MATCH
chr6:33067659:G:A	1|0	1|0	MATCH	MATCH
chr6:33067736:C:G	1|0	1|0	MATCH	MATCH
chr6:33067737:A:G	1|0	1|0	MATCH	MATCH
chr6:33067741:G:C	1|0	1|0	MATCH	MATCH
chr6:33067853:CAA:C	1|0	1|0	MATCH	MATCH
chr6:33067871:C:T	1|0	1|0	MATCH	MATCH
chr6:33067884:A:G	1|0	1|0	MATCH	MATCH
chr6:33067892:C:A	1|0	0|0	DIFF	ERROR
chr6:33068052:T:C	1|0	1|0	MATCH	MATCH
chr6:33068068:G:A	1|0	1|0	MATCH	MATCH
chr6:33068078:T:A	1|0	1|0	MATCH	MATCH
chr6:33068100:A:G	1|0	1|0	MATCH	MATCH
chr6:33068110:G:C	1|0	1|0	MATCH	MATCH
chr6:33068148:A:T	1|0	1|0	MATCH	MATCH
chr6:33068197:A:G	1|0	1|0	MATCH	MATCH
chr6:33068203:T:A	1|0	1|0	MATCH	MATCH
chr6:33068205:G:A	1|0	1|0	MATCH	MATCH
chr6:33068215:C:CT	1|0	1|0	MATCH	MATCH
chr6:33068226:G:C	1|0	1|0	MATCH	MATCH
chr6:33068308:C:G	1|0	1|0	MATCH	MATCH
chr6:33068339:T:G	1|0	1|0	MATCH	MATCH
chr6:33068355:A:G	1|0	1|0	MATCH	MATCH
chr6:33068356:G:A	1|0	1|0	MATCH	MATCH
chr6:33068400:A:G	1|0	1|0	MATCH	MATCH
chr6:33068433:G:T	1|0	1|0	MATCH	MATCH
chr6:33068456:A:G	1|0	1|0	MATCH	MATCH
chr6:33068465:T:C	1|0	1|0	MATCH	MATCH
chr6:33068510:G:A	1|0	1|0	MATCH	MATCH
chr6:33068511:G:A	1|0	1|0	MATCH	MATCH
chr6:33068535:A:G	1|0	1|0	MATCH	MATCH
chr6:33068611:C:T	1|0	1|0	MATCH	MATCH
chr6:33068617:G:A	1|0	1|0	MATCH	MATCH
chr6:33068622:C:CT	1|0	1|0	MATCH	MATCH
chr6:33068624:C:T	1|0	1|0	MATCH	MATCH
chr6:33068658:T:G	1|0	1|0	MATCH	MATCH
chr6:33068728:G:C	1|0	1|0	MATCH	MATCH
chr6:33068840:C:T	1|0	1|0	MATCH	MATCH
chr6:33068853:G:T	1|0	1|0	MATCH	MATCH
chr6:33068854:A:C	1|0	1|0	MATCH	MATCH
chr6:33068931:C:T	1|0	1|0	MATCH	MATCH
chr6:33068932:A:G	1|0	1|0	MATCH	MATCH
chr6:33069076:A:C	1|0	1|0	MATCH	MATCH
chr6:33069173:C:T	1|0	1|0	MATCH	MATCH
chr6:33069174:A:G	1|0	1|0	MATCH	MATCH
chr6:33069182:G:A	1|0	1|0	MATCH	MATCH
chr6:33069194:C:T	1|0	1|0	MATCH	MATCH
chr6:33069222:T:C	1|0	1|0	MATCH	MATCH
chr6:33069303:G:A	1|0	1|0	MATCH	MATCH
chr6:33069305:A:G	1|0	1|0	MATCH	MATCH
chr6:33069327:C:T	1|0	1|0	MATCH	MATCH
chr6:33069365:A:G	1|0	1|0	MATCH	MATCH
chr6:33069410:C:G	1|0	1|0	MATCH	MATCH
chr6:33069488:C:A	1|0	1|0	MATCH	MATCH
chr6:33069502:A:G	1|0	1|0	MATCH	MATCH
chr6:33069517:T:C	1|0	1|0	MATCH	MATCH
chr6:33069527:G:T	1|0	1|0	MATCH	MATCH
chr6:33069635:G:C	1|0	1|0	MATCH	MATCH
chr6:33069636:C:A	1|0	1|0	MATCH	MATCH
chr6:33069642:G:A	1|0	1|0	MATCH	MATCH
chr6:33069647:T:C	1|0	1|0	MATCH	MATCH
chr6:33069745:T:C	1|0	1|0	MATCH	MATCH
chr6:33069780:C:T	1|0	1|0	MATCH	MATCH
chr6:33069783:G:A	1|0	1|0	MATCH	MATCH
chr6:33069802:A:T	1|0	1|0	MATCH	MATCH
chr6:33069803:T:G	1|0	1|0	MATCH	MATCH
chr6:33069898:C:A	1|0	1|0	MATCH	MATCH
chr6:33069913:C:T	1|0	1|0	MATCH	MATCH
chr6:33069991:G:A	1|0	1|0	MATCH	MATCH
chr6:33070088:C:T	1|0	1|0	MATCH	MATCH
chr6:33070089:A:G	1|0	1|0	MATCH	MATCH
chr6:33070101:G:A	1|0	1|0	MATCH	MATCH
chr6:33070114:C:T	1|0	1|0	MATCH	MATCH
chr6:33070178:T:A	1|0	1|0	MATCH	MATCH
chr6:33070180:G:A	1|0	1|0	MATCH	MATCH
chr6:33070214:C:G	1|0	1|0	MATCH	MATCH
chr6:33070247:AT:A	1|0	1|0	MATCH	MATCH
chr6:33070253:C:G	0|1	0|1	MATCH	MATCH
chr6:33070256:G:A	1|0	1|0	MATCH	MATCH
chr6:33070257:C:T	1|0	1|0	MATCH	MATCH
chr6:33070275:C:T	1|0	1|0	MATCH	MATCH
chr6:33070276:C:T	1|0	1|0	MATCH	MATCH
chr6:33070340:A:T	1|0	1|0	MATCH	MATCH
chr6:33070357:C:T	1|0	1|0	MATCH	MATCH
chr6:33070367:C:T	1|0	1|0	MATCH	MATCH
chr6:33070390:C:A	1|0	1|0	MATCH	MATCH
chr6:33070401:A:T	1|0	1|0	MATCH	MATCH
chr6:33070410:T:C	1|0	1|0	MATCH	MATCH
chr6:33070416:T:G	1|0	1|0	MATCH	MATCH
chr6:33070446:A:G	1|0	1|0	MATCH	MATCH
chr6:33070452:G:T	1|0	1|0	MATCH	MATCH
chr6:33070460:A:G	1|0	1|0	MATCH	MATCH
chr6:33070545:G:T	1|0	1|0	MATCH	MATCH
chr6:33070592:C:A	1|0	1|0	MATCH	MATCH
chr6:33070771:T:C	1|0	1|0	MATCH	MATCH
chr6:33070802:A:G	1|0	1|0	MATCH	MATCH
chr6:33070820:A:G	1|0	1|0	MATCH	MATCH
chr6:33070989:C:T	1|0	1|0	MATCH	MATCH
chr6:33071025:A:G	1|0	1|0	MATCH	MATCH
chr6:33071053:C:T	1|0	1|0	MATCH	MATCH
chr6:33071056:G:A	1|0	1|0	MATCH	MATCH
chr6:33071057:A:G	1|0	1|0	MATCH	MATCH
chr6:33071073:C:T	1|0	1|0	MATCH	MATCH
chr6:33071085:A:G	1|0	1|0	MATCH	MATCH
chr6:33071120:GGACCCAGTCTGTGCTTGGCCACTTACAGT:G	1|0	1|0	MATCH	MATCH
chr6:33071170:C:T	1|0	1|0	MATCH	MATCH
chr6:33071202:C:T	1|0	1|0	MATCH	MATCH
chr6:33071205:G:A	1|0	1|0	MATCH	MATCH
chr6:33071403:G:A	1|0	1|0	MATCH	MATCH
chr6:33071419:A:T	1|0	1|0	MATCH	MATCH
chr6:33071518:T:A	1|0	1|0	MATCH	MATCH
chr6:33071599:C:T	1|0	1|0	MATCH	MATCH
chr6:33071628:C:G	1|0	1|0	MATCH	MATCH
chr6:33071669:G:A	1|0	1|0	MATCH	MATCH
chr6:33071707:A:G	1|0	1|0	MATCH	MATCH
chr6:33071726:C:T	1|0	1|0	MATCH	MATCH
chr6:33071812:A:AGG	1|0	1|0	MATCH	MATCH
chr6:33071829:C:T	1|0	1|0	MATCH	MATCH
chr6:33071875:C:T	1|0	1|0	MATCH	MATCH
chr6:33071904:A:G	1|0	1|0	MATCH	MATCH
chr6:33071909:T:C	1|0	1|0	MATCH	MATCH
chr6:33071917:G:T	1|0	1|0	MATCH	MATCH
chr6:33071920:T:G	1|0	1|0	MATCH	MATCH
chr6:33071942:A:G	1|0	1|0	MATCH	MATCH
chr6:33071952:T:G	1|0	1|0	MATCH	MATCH
chr6:33071978:T:C	1|0	1|0	MATCH	MATCH
chr6:33071990:A:G	1|0	1|0	MATCH	MATCH
chr6:33072060:G:A	1|0	1|0	MATCH	MATCH
chr6:33072071:G:A	1|0	1|0	MATCH	MATCH
chr6:33072078:A:G	1|0	1|0	MATCH	MATCH
chr6:33072150:T:C	1|0	1|0	MATCH	MATCH
chr6:33072203:A:G	1|0	1|0	MATCH	MATCH
chr6:33072267:A:G	1|0	1|0	MATCH	MATCH
chr6:33072701:C:A	1|0	1|0	MATCH	MATCH
chr6:33072819:A:G	1|0	1|0	MATCH	MATCH
chr6:33072877:A:G	1|0	1|0	MATCH	MATCH
chr6:33072914:G:A	1|0	1|0	MATCH	MATCH
chr6:33072938:G:A	1|0	1|0	MATCH	MATCH
chr6:33072959:T:C	1|0	1|0	MATCH	MATCH
chr6:33072967:G:C	1|0	1|0	MATCH	MATCH
chr6:33073004:A:G	1|0	1|0	MATCH	MATCH
chr6:33073021:T:C	1|0	1|0	MATCH	MATCH
chr6:33073058:A:G	1|0	1|0	MATCH	MATCH
chr6:33073100:T:C	1|0	1|0	MATCH	MATCH
chr6:33073296:A:C	1|0	1|0	MATCH	MATCH
chr6:33073399:C:T	1|0	1|0	MATCH	MATCH
chr6:33073409:G:A	1|0	1|0	MATCH	MATCH
chr6:33073449:C:T	1|0	1|0	MATCH	MATCH
chr6:33074591:A:G	1|0	1|0	MATCH	MATCH
chr6:33074629:C:G	1|0	1|0	MATCH	MATCH
chr6:33074715:T:C	1|0	1|0	MATCH	MATCH
chr6:33075077:T:C	0|1	0|1	MATCH	MATCH
chr6:33075103:A:G	1|0	1|0	MATCH	MATCH
chr6:33075743:C:G	0|1	0|1	MATCH	MATCH
chr6:33076153:A:G	1|0	1|0	MATCH	MATCH
chr6:33076411:T:A	1|0	1|0	MATCH	MATCH
chr6:33076480:T:C	1|0	1|0	MATCH	MATCH
chr6:33076481:G:A	1|0	1|0	MATCH	MATCH
chr6:33076611:T:C	1|0	1|0	MATCH	MATCH
chr6:33077370:A:T	0|1	0|1	MATCH	MATCH
chr6:33077495:C:A	1|0	1|0	MATCH	MATCH
chr6:33077723:T:C	1|0	1|0	MATCH	MATCH
chr6:33077753:T:C	1|0	1|0	MATCH	MATCH
chr6:33077781:G:A	0|1	0|1	MATCH	MATCH
chr6:33077882:T:C	1|0	1|0	MATCH	MATCH
chr6:33077889:AT:A	1|0	1|0	MATCH	MATCH
chr6:33077921:G:A	1|0	1|0	MATCH	MATCH
chr6:33078046:A:G	1|0	1|0	MATCH	MATCH
chr6:33078157:G:A	0|1	0|1	MATCH	MATCH
chr6:33078172:G:A	0|1	0|1	MATCH	MATCH
chr6:33078304:A:T	1|0	1|0	MATCH	MATCH
chr6:33078305:C:T	0|1	0|1	MATCH	MATCH
chr6:33078306:C:T	0|1	0|1	MATCH	MATCH
chr6:33078661:A:G	1|0	1|0	MATCH	MATCH
chr6:33078885:T:C	0|1	0|1	MATCH	MATCH
chr6:33079655:A:C	1|0	1|0	MATCH	MATCH
chr6:33079689:T:C	1|0	1|0	MATCH	MATCH
chr6:33079869:T:C	1|0	1|0	MATCH	MATCH
chr6:33080121:C:A	1|0	1|0	MATCH	MATCH
chr6:33080571:G:A	1|0	1|0	MATCH	MATCH
chr6:33080594:G:C	1|0	1|0	MATCH	MATCH
chr6:33080680:C:G	1|0	1|0	MATCH	MATCH
chr6:33080682:T:G	1|0	1|0	MATCH	MATCH
chr6:33080683:T:C	1|0	1|0	MATCH	MATCH
chr6:33080684:T:A	1|0	1|0	MATCH	MATCH
chr6:33080689:G:T	1|0	1|0	MATCH	MATCH
chr6:33080690:G:T	1|0	1|0	MATCH	MATCH
chr6:33080829:G:C	1|0	1|0	MATCH	MATCH
chr6:33080912:G:A	1|0	1|0	MATCH	MATCH
chr6:33080914:C:G	1|0	1|0	MATCH	MATCH
chr6:33080917:A:G	1|0	1|0	MATCH	MATCH
chr6:33081144:A:G	1|0	1|0	MATCH	MATCH
chr6:33081202:A:G	1|0	1|0	MATCH	MATCH
chr6:33081210:A:G	1|0	1|0	MATCH	MATCH
chr6:33081226:A:G	1|0	1|0	MATCH	MATCH
chr6:33081234:A:G	1|0	1|0	MATCH	MATCH
chr6:33081238:T:C	1|0	1|0	MATCH	MATCH
chr6:33081346:G:A	1|0	1|0	MATCH	MATCH
chr6:33081354:G:A	1|0	1|0	MATCH	MATCH
chr6:33081424:A:G	1|0	1|0	MATCH	MATCH
chr6:33081434:C:T	1|0	1|0	MATCH	MATCH
chr6:33081511:A:G	1|0	1|0	MATCH	MATCH
chr6:33081766:C:T	1|0	1|0	MATCH	MATCH
chr6:33081772:T:G	1|0	1|0	MATCH	MATCH
chr6:33081788:C:G	1|0	1|0	MATCH	MATCH
chr6:33081791:T:C	1|0	1|0	MATCH	MATCH
chr6:33081797:C:T	1|0	1|0	MATCH	MATCH
chr6:33081800:CT:C	1|0	1|0	MATCH	MATCH
chr6:33081819:T:G	1|0	1|0	MATCH	MATCH
chr6:33081833:T:C	1|0	1|0	MATCH	MATCH
chr6:33081886:A:G	1|0	1|0	MATCH	MATCH
chr6:33081917:C:T	1|0	1|0	MATCH	MATCH
chr6:33081956:T:C	1|0	1|0	MATCH	MATCH
chr6:33082013:GA:G	1|0	1|0	MATCH	MATCH
chr6:33082104:T:G	0|1	0|1	MATCH	MATCH
chr6:33082202:A:G	1|0	1|0	MATCH	MATCH
chr6:33082206:C:T	1|0	1|0	MATCH	MATCH
chr6:33082247:C:A	1|0	1|0	MATCH	MATCH
chr6:33082268:T:C	1|0	1|0	MATCH	MATCH
chr6:33082301:A:G	1|0	1|0	MATCH	MATCH
chr6:33082302:C:G	1|0	1|0	MATCH	MATCH
chr6:33082312:G:A	1|0	1|0	MATCH	MATCH
chr6:33082330:G:A	1|0	1|0	MATCH	MATCH
chr6:33082341:C:T	1|0	1|0	MATCH	MATCH
chr6:33082348:G:A	1|0	1|0	MATCH	MATCH
chr6:33082371:T:C	1|0	1|0	MATCH	MATCH
chr6:33082391:C:A	1|0	1|0	MATCH	MATCH
chr6:33082401:C:T	1|0	1|0	MATCH	MATCH
chr6:33082402:A:G	1|0	1|0	MATCH	MATCH
chr6:33082408:C:A	1|0	1|0	MATCH	MATCH
chr6:33082409:T:C	1|0	1|0	MATCH	MATCH
chr6:33082419:G:C	1|0	1|0	MATCH	MATCH
chr6:33082446:G:A	1|0	1|0	MATCH	MATCH
chr6:33082455:T:G	1|0	1|0	MATCH	MATCH
chr6:33082502:A:G	1|0	1|0	MATCH	MATCH
chr6:33082592:C:G	1|0	1|0	MATCH	MATCH
chr6:33082664:G:A	1|0	1|0	MATCH	MATCH
chr6:33082665:C:A	1|0	1|0	MATCH	MATCH
chr6:33082696:A:G	1|0	1|0	MATCH	MATCH
chr6:33082722:A:G	1|0	1|0	MATCH	MATCH
chr6:33082744:G:T	1|0	1|0	MATCH	MATCH
chr6:33082748:T:C	1|0	1|0	MATCH	MATCH
chr6:33082749:C:T	1|0	1|0	MATCH	MATCH
chr6:33082877:G:A	1|0	1|0	MATCH	MATCH
chr6:33082894:A:C	1|0	1|0	MATCH	MATCH
chr6:33082965:G:A	1|0	1|0	MATCH	MATCH
chr6:33083100:A:G	1|0	1|0	MATCH	MATCH
chr6:33083193:A:T	1|0	1|0	MATCH	MATCH
chr6:33083274:A:G	1|0	1|0	MATCH	MATCH
chr6:33083362:G:A	1|0	1|0	MATCH	MATCH
chr6:33083500:A:G	1|0	1|0	MATCH	MATCH
chr6:33083503:T:C	1|0	1|0	MATCH	MATCH
chr6:33083530:A:G	1|0	1|0	MATCH	MATCH
chr6:33083539:G:A	1|0	1|0	MATCH	MATCH
chr6:33083617:C:T	1|0	1|0	MATCH	MATCH
chr6:33083683:C:T	1|0	1|0	MATCH	MATCH
chr6:33083690:A:G	1|0	1|0	MATCH	MATCH
chr6:33083716:T:C	1|0	1|0	MATCH	MATCH
chr6:33083723:A:G	1|0	1|0	MATCH	MATCH
chr6:33083777:T:C	1|0	1|0	MATCH	MATCH
chr6:33083781:T:C	1|0	1|0	MATCH	MATCH
chr6:33083785:G:A	1|0	1|0	MATCH	MATCH
chr6:33083847:C:G	1|0	1|0	MATCH	MATCH
chr6:33083863:G:A	1|0	1|0	MATCH	MATCH
chr6:33083906:C:T	1|0	1|0	MATCH	MATCH
chr6:33083912:C:T	1|0	1|0	MATCH	MATCH
chr6:33083964:A:G	1|0	1|0	MATCH	MATCH
chr6:33083972:C:T	1|0	1|0	MATCH	MATCH
chr6:33084000:A:G	1|0	1|0	MATCH	MATCH
chr6:33084013:C:A	1|0	1|0	MATCH	MATCH
chr6:33084043:G:A	1|0	1|0	MATCH	MATCH
chr6:33084050:T:TA	1|0	1|0	MATCH	MATCH
chr6:33084068:T:A	1|0	1|0	MATCH	MATCH
chr6:33084088:A:C	1|0	1|0	MATCH	MATCH
chr6:33084119:G:GAAATA	1|0	1|0	MATCH	MATCH
chr6:33084123:T:G	1|0	1|0	MATCH	MATCH
chr6:33084192:A:T	1|0	1|0	MATCH	MATCH
chr6:33084199:T:A	1|0	1|0	MATCH	MATCH
chr6:33084230:G:A	1|0	1|0	MATCH	MATCH
chr6:33084231:T:C	1|0	1|0	MATCH	MATCH
chr6:33084251:C:T	1|0	1|0	MATCH	MATCH
chr6:33084295:A:T	1|0	1|0	MATCH	MATCH
chr6:33084351:C:T	1|0	1|0	MATCH	MATCH
chr6:33084390:GTCTATT:G	1|0	1|0	MATCH	MATCH
chr6:33084443:T:A	1|0	1|0	MATCH	MATCH
chr6:33084444:C:T	1|0	1|0	MATCH	MATCH
chr6:33084473:A:G	1|0	1|0	MATCH	MATCH
chr6:33084526:C:T	1|0	1|0	MATCH	MATCH
chr6:33084538:C:A	1|0	1|0	MATCH	MATCH
chr6:33084550:C:T	1|0	1|0	MATCH	MATCH
chr6:33084577:C:A	1|0	1|0	MATCH	MATCH
chr6:33084605:G:C	1|0	1|0	MATCH	MATCH
chr6:33084637:A:G	1|0	1|0	MATCH	MATCH
chr6:33084662:A:G	1|0	1|0	MATCH	MATCH
chr6:33084715:G:C	1|0	1|0	MATCH	MATCH
chr6:33084721:G:C	1|0	1|0	MATCH	MATCH
chr6:33084756:G:A	1|0	1|0	MATCH	MATCH
chr6:33084785:T:C	1|0	1|0	MATCH	MATCH
chr6:33084795:T:C	1|0	1|0	MATCH	MATCH
chr6:33084803:AAAAGAAAGAATG:A	1|0	1|0	MATCH	MATCH
chr6:33084838:T:C	1|0	1|0	MATCH	MATCH
chr6:33084918:T:G	1|0	1|0	MATCH	MATCH
chr6:33084940:A:C	1|0	1|0	MATCH	MATCH
chr6:33084942:G:A	1|0	1|0	MATCH	MATCH
chr6:33084946:C:G	1|0	1|0	MATCH	MATCH
chr6:33084959:G:A	1|0	1|0	MATCH	MATCH
chr6:33084966:T:C	1|0	1|0	MATCH	MATCH
chr6:33084991:T:C	1|0	1|0	MATCH	MATCH
chr6:33085026:G:A	1|0	1|0	MATCH	MATCH
chr6:33085173:T:C	1|0	1|0	MATCH	MATCH
chr6:33085181:C:T	1|0	1|0	MATCH	MATCH
chr6:33085209:T:C	1|0	1|0	MATCH	MATCH
chr6:33085390:A:C	1|0	1|0	MATCH	MATCH
chr6:33085471:A:G	1|0	1|0	MATCH	MATCH
chr6:33085475:G:A	1|0	1|0	MATCH	MATCH
chr6:33085493:T:A	1|0	1|0	MATCH	MATCH
chr6:33085494:T:C	1|0	1|0	MATCH	MATCH
chr6:33085530:C:T	1|0	1|0	MATCH	MATCH
chr6:33085622:T:C	1|0	1|0	MATCH	MATCH
chr6:33085666:C:T	1|0	1|0	MATCH	MATCH
chr6:33085667:G:A,C	2|1	2|1	MATCH	MATCH
chr6:33085678:C:T	1|0	1|0	MATCH	MATCH
chr6:33085691:G:T	1|0	1|0	MATCH	MATCH
chr6:33085700:G:C	1|0	1|0	MATCH	MATCH
chr6:33085800:G:A	1|0	1|0	MATCH	MATCH
chr6:33085905:G:A	1|0	1|0	MATCH	MATCH
chr6:33085946:T:C	1|0	1|0	MATCH	MATCH
chr6:33085951:C:T	1|0	1|0	MATCH	MATCH
chr6:33085995:G:A	1|0	1|0	MATCH	MATCH
chr6:33086012:A:G	1|0	1|0	MATCH	MATCH
chr6:33086091:A:G	1|0	1|0	MATCH	MATCH
chr6:33086094:A:G	1|0	1|0	MATCH	MATCH
chr6:33086110:A:G	1|0	1|0	MATCH	MATCH
chr6:33086113:G:A	1|0	1|0	MATCH	MATCH
chr6:33086125:A:G	1|0	1|0	MATCH	MATCH
chr6:33086129:G:T	1|0	1|0	MATCH	MATCH
chr6:33086191:T:A	1|0	1|0	MATCH	MATCH
chr6:33086194:T:C	1|0	1|0	MATCH	MATCH
chr6:33086205:G:C	1|0	1|0	MATCH	MATCH
chr6:33086223:A:G	0|1	0|1	MATCH	MATCH
chr6:33086269:T:G	1|0	1|0	MATCH	MATCH
chr6:33086280:G:A	1|0	1|0	MATCH	MATCH
chr6:33086294:G:C	1|0	1|0	MATCH	MATCH
chr6:33086314:C:T	1|0	1|0	MATCH	MATCH
chr6:33086680:A:G	1|0	1|0	MATCH	MATCH
chr6:33086773:G:A	1|0	1|0	MATCH	MATCH
chr6:33086782:T:C	1|0	1|0	MATCH	MATCH
chr6:33086802:C:T	1|0	1|0	MATCH	MATCH
chr6:33086818:C:T	1|0	1|0	MATCH	MATCH
chr6:33086842:G:A	1|0	1|0	MATCH	MATCH
chr6:33086879:A:C	1|0	1|0	MATCH	MATCH
chr6:33086882:A:G	1|0	1|0	MATCH	MATCH
chr6:33086898:C:G	1|0	1|0	MATCH	MATCH
chr6:33086906:A:G	1|0	1|0	MATCH	MATCH
chr6:33086910:G:A	1|0	1|0	MATCH	MATCH
chr6:33086934:G:T	1|0	1|0	MATCH	MATCH
chr6:33086944:C:T	1|0	1|0	MATCH	MATCH
chr6:33087030:A:G	1|0	1|0	MATCH	MATCH
chr6:33087113:C:T	1|0	1|0	MATCH	MATCH
chr6:33087232:C:A	1|0	1|0	MATCH	MATCH
chr6:33087346:A:G	1|0	1|0	MATCH	MATCH
chr6:33087381:A:G	1|0	1|0	MATCH	MATCH
chr6:33087470:T:C	1|0	1|0	MATCH	MATCH
chr6:33087517:G:A	1|0	1|0	MATCH	MATCH
chr6:33087531:C:T	1|0	1|0	MATCH	MATCH
chr6:33087546:C:T	1|0	1|0	MATCH	MATCH
chr6:33087569:T:G	1|0	1|0	MATCH	MATCH
chr6:33087578:A:G	1|0	1|0	MATCH	MATCH
chr6:33087590:C:A	1|0	1|0	MATCH	MATCH
chr6:33087613:C:T	1|0	1|0	MATCH	MATCH
chr6:33087642:A:G	1|0	1|0	MATCH	MATCH
chr6:33087710:T:C	1|0	1|0	MATCH	MATCH
chr6:33087717:G:T	1|0	1|0	MATCH	MATCH
chr6:33087739:T:C	1|0	1|0	MATCH	MATCH
chr6:33087761:C:T	1|0	1|0	MATCH	MATCH
chr6:33087828:G:A	1|0	1|0	MATCH	MATCH
chr6:33087943:T:TC	1|0	1|0	MATCH	MATCH
chr6:33088003:C:T	1|0	1|0	MATCH	MATCH
chr6:33088041:A:G	1|0	1|0	MATCH	MATCH
chr6:33088066:TTATC:T	1|0	1|0	MATCH	MATCH
chr6:33088607:G:A	1|0	1|0	MATCH	MATCH
chr6:33088619:T:TG	1|0	1|0	MATCH	MATCH
chr6:33088658:G:T	1|0	1|0	MATCH	MATCH
chr6:33088986:A:G	1|0	1|0	MATCH	MATCH
chr6:33088988:C:T	1|0	1|0	MATCH	MATCH
chr6:33089011:G:A	1|0	1|0	MATCH	MATCH
chr6:33089063:T:C	1|0	1|0	MATCH	MATCH
chr6:33089139:G:T	1|0	1|0	MATCH	MATCH
chr6:33089276:CTT:C	1|0	1|0	MATCH	MATCH
chr6:33089399:T:C	1|0	1|0	MATCH	MATCH
chr6:33089421:G:C	1|0	1|0	MATCH	MATCH
chr6:33089436:C:T	1|0	1|0	MATCH	MATCH
chr6:33089467:T:G	1|0	1|0	MATCH	MATCH
chr6:33089573:C:T	1|0	1|0	MATCH	MATCH
chr6:33089586:C:A	1|0	1|0	MATCH	MATCH
chr6:33089663:C:T	1|0	1|0	MATCH	MATCH
chr6:33089734:TA:T	1|0	1|0	MATCH	MATCH
chr6:33089882:G:A	1|0	1|0	MATCH	MATCH
chr6:33089934:G:A	1|0	1|0	MATCH	MATCH
chr6:33090058:C:T	1|0	1|0	MATCH	MATCH
chr6:33090511:A:G	1|0	1|0	MATCH	MATCH
chr6:33090847:G:A	1|0	1|0	MATCH	MATCH
chr6:33090925:A:G	1|0	1|0	MATCH	MATCH
chr6:33090997:T:C	1|0	1|0	MATCH	MATCH
chr6:33091010:T:C	0|1	0|1	MATCH	MATCH
chr6:33091097:C:T	1|0	1|0	MATCH	MATCH
chr6:33091485:T:C	1|0	1|0	MATCH	MATCH
chr6:33091559:A:C	1|0	1|0	MATCH	MATCH
chr6:33091560:G:C	1|0	1|0	MATCH	MATCH
chr6:33091827:C:T	1|0	1|0	MATCH	MATCH
chr6:33091892:G:T	0|1	0|1	MATCH	MATCH
chr6:33092219:T:G	1|0	1|0	MATCH	MATCH
chr6:33092287:G:A	1|0	1|0	MATCH	MATCH
chr6:33093172:C:T	1|0	1|0	MATCH	MATCH
chr6:33093321:T:C	0|1	0|1	MATCH	MATCH
chr6:33093849:T:A	1|0	1|0	MATCH	MATCH
chr6:33093913:T:C	1|0	1|0	MATCH	MATCH
chr6:33094094:T:C	1|0	1|0	MATCH	MATCH
chr6:33094259:ACAGATGTAATTGGTT:A	1|0	1|0	MATCH	MATCH
chr6:33094285:T:C	1|0	1|0	MATCH	MATCH
chr6:33094777:A:G	1|0	1|0	MATCH	MATCH
chr6:33094783:T:C	1|0	1|0	MATCH	MATCH
chr6:33094804:T:C	1|0	1|0	MATCH	MATCH
chr6:33094810:G:A	1|0	1|0	MATCH	MATCH
chr6:33094896:G:T	1|0	1|0	MATCH	MATCH
chr6:33095045:A:G	1|0	1|0	MATCH	MATCH
chr6:33095112:C:A	1|0	1|0	MATCH	MATCH
chr6:33095419:T:G	1|0	1|0	MATCH	MATCH
chr6:33095460:G:C	1|0	1|0	MATCH	MATCH
chr6:33095494:G:A	1|0	1|0	MATCH	MATCH
chr6:33095495:G:T	1|0	1|0	MATCH	MATCH
chr6:33095626:A:G	1|0	1|0	MATCH	MATCH
chr6:33095815:C:A	1|0	1|0	MATCH	MATCH
chr6:33095922:A:G	1|0	1|0	MATCH	MATCH
chr6:33096154:A:G	1|0	1|0	MATCH	MATCH
chr6:33096205:G:A	1|0	1|0	MATCH	MATCH
chr6:33096675:G:A	1|0	1|0	MATCH	MATCH
chr6:33096683:C:T	1|0	1|0	MATCH	MATCH
chr6:33096821:G:A	0|1	0|1	MATCH	MATCH
chr6:33096828:G:T	1|0	1|0	MATCH	MATCH
chr6:33097009:A:G	1|0	1|0	MATCH	MATCH
chr6:33097899:A:G	1|0	1|0	MATCH	MATCH
chr6:33097957:C:A	1|0	1|0	MATCH	MATCH
chr6:33098036:G:A	1|0	1|0	MATCH	MATCH
chr6:33098383:T:C	1|0	1|0	MATCH	MATCH
chr6:33098459:G:A	1|0	1|0	MATCH	MATCH
chr6:33098576:A:C	1|0	1|0	MATCH	MATCH
chr6:33098688:G:A	1|0	1|0	MATCH	MATCH
chr6:33098704:G:C	1|0	1|0	MATCH	MATCH
chr6:33099050:A:G	0|1	0|1	MATCH	MATCH
chr6:33099090:A:G	0|1	0|1	MATCH	MATCH
chr6:33099434:C:T	1|0	1|0	MATCH	MATCH
chr6:33099504:T:C	1|0	1|0	MATCH	MATCH
chr6:33099748:A:C	0|1	0|1	MATCH	MATCH
chr6:33099859:A:G	1|0	1|0	MATCH	MATCH
chr6:33099886:C:T	1|0	1|0	MATCH	MATCH
chr6:33100080:G:A	1|0	1|0	MATCH	MATCH
chr6:33100120:G:A	1|0	1|0	MATCH	MATCH
chr6:33100525:A:T	1|0	1|0	MATCH	MATCH
chr6:33100595:C:A	0|1	0|1	MATCH	MATCH
chr6:33101087:T:C	1|0	1|0	MATCH	MATCH
chr6:33101140:G:A	1|0	1|0	MATCH	MATCH
chr6:33101222:A:G	1|0	1|0	MATCH	MATCH
chr6:33101590:T:A	1|0	1|0	MATCH	MATCH
chr6:33101863:C:T	1|0	1|0	MATCH	MATCH
chr6:33102046:A:C	1|0	1|0	MATCH	MATCH
chr6:33102096:T:C	1|0	1|0	MATCH	MATCH
chr6:33102116:A:G	1|0	1|0	MATCH	MATCH
chr6:33102750:T:C	1|0	1|0	MATCH	MATCH
chr6:33102887:C:T	1|0	1|0	MATCH	MATCH
chr6:33102972:C:A	1|0	1|0	MATCH	MATCH
chr6:33103040:C:T	1|0	1|0	MATCH	MATCH
chr6:33103357:A:G	1|0	1|0	MATCH	MATCH
chr6:33103545:C:G	1|0	1|0	MATCH	MATCH
chr6:33103558:T:C	1|0	1|0	MATCH	MATCH
chr6:33103647:A:G	0|1	0|1	MATCH	MATCH
chr6:33103823:C:A	1|0	1|0	MATCH	MATCH
chr6:33103931:G:A	1|0	1|0	MATCH	MATCH
chr6:33103977:C:A	1|0	1|0	MATCH	MATCH
chr6:33104000:A:G	1|0	1|0	MATCH	MATCH
chr6:33104206:T:C	1|0	1|0	MATCH	MATCH
chr6:33104221:C:G	1|0	1|0	MATCH	MATCH
chr6:33104463:C:T	1|0	1|0	MATCH	MATCH
chr6:33104489:C:T	1|0	1|0	MATCH	MATCH
chr6:33104510:G:A	1|0	1|0	MATCH	MATCH
chr6:33104952:G:T	1|0	1|0	MATCH	MATCH
chr6:33105072:G:GGCTGTACCGACAGGAAGCA	1|0	1|0	MATCH	MATCH
chr6:33105220:G:A	1|0	1|0	MATCH	MATCH
chr6:33105291:A:G	1|0	1|0	MATCH	MATCH
chr6:33105299:G:A	1|0	1|0	MATCH	MATCH
chr6:33105545:A:G	1|0	1|0	MATCH	MATCH
chr6:33105663:G:A	1|0	1|0	MATCH	MATCH
chr6:33105686:G:A	1|0	1|0	MATCH	MATCH
chr6:33106125:A:C	1|0	1|0	MATCH	MATCH
chr6:33106207:A:G	1|0	1|0	MATCH	MATCH
chr6:33106511:C:T	1|0	1|0	MATCH	MATCH
chr6:33106571:T:C	1|0	1|0	MATCH	MATCH
chr6:33106612:G:C	1|0	1|0	MATCH	MATCH
chr6:33106741:C:T	1|0	1|0	MATCH	MATCH
chr6:33106792:A:G	1|0	1|0	MATCH	MATCH
chr6:33106835:C:A	1|0	1|0	MATCH	MATCH
chr6:33106930:G:A	1|0	1|0	MATCH	MATCH
chr6:33107076:C:T	1|0	1|0	MATCH	MATCH
chr6:33107131:A:G	1|0	1|0	MATCH	MATCH
chr6:33107482:C:T	1|0	1|0	MATCH	MATCH
chr6:33107666:C:T	1|0	1|0	MATCH	MATCH
chr6:33107858:A:G	1|0	1|0	MATCH	MATCH
chr6:33107889:C:T	1|0	1|0	MATCH	MATCH
chr6:33108313:T:A	1|0	1|0	MATCH	MATCH
chr6:33108666:GA:G	1|0	1|0	MATCH	MATCH
chr6:33108790:T:C	1|0	1|0	MATCH	MATCH
chr6:33108905:T:C	1|0	1|0	MATCH	MATCH
chr6:33109494:G:A	1|0	1|0	MATCH	MATCH
chr6:33109811:A:G	1|0	1|0	MATCH	MATCH
chr6:33109830:C:T	1|0	1|0	MATCH	MATCH
chr6:33111849:T:C	1|0	1|0	MATCH	MATCH
chr6:33122489:C:T	1|0	1|0	MATCH	MATCH
chr6:33125516:A:G	0|1	0|1	MATCH	MATCH
chr6:33130968:G:C	1|0	1|0	MATCH	MATCH
chr6:33131211:C:G	1|0	1|0	MATCH	MATCH
chr6:33131374:G:T	0|1	0|1	MATCH	MATCH
chr6:33131389:G:C	0|1	0|1	MATCH	MATCH
chr6:33131433:A:G	0|1	0|1	MATCH	MATCH
chr6:33131989:C:A	1|0	1|0	MATCH	MATCH
